0 0 0
2 0 0
4 0 0
6 0 0
8 0 0
10 0 0
12 0 0
14 0 0
16 0 0
18 0 0
20 0 0
22 0 0
24 0 0
26 0 0
28 0 0
30 0 0
32 0 0
34 0 0
36 0 0
38 0 0
40 0 0
42 0 0
44 0 0
46 0 0
48 0 0
50 0 0
52 0 0
54 0 0
56 0 0
58 0 0
60 0 0
62 0 0
64 0 0
66 0 0
68 0 0
70 0 0
72 0 0
74 0 0
76 0 0
78 0 0
80 0 0
82 0 0
84 0 0
86 0 0
88 0 0
90 0 0
92 0 0
94 0 0
96 0 0
98 0 0
100 0 0

0 2 1
2 2 0.938345
4 2 0.876484
6 2 0.814218
8 2 0.751359
10 2 0.687744
12 2 0.623235
14 2 0.557729
16 2 0.491165
18 2 0.423525
20 2 0.354839
22 2 0.285186
24 2 0.21469
26 2 0.143521
28 2 0.0718818
30 2 0
32 2 0
34 2 0
36 2 0
38 2 0
40 2 0
42 2 0
44 2 0
46 2 0
48 2 0
50 2 0
52 2 0
54 2 0
56 2 0
58 2 0
60 2 0
62 2 0.0602129
64 2 0.120137
66 2 0.17949
68 2 0.238011
70 2 0.295474
72 2 0.35169
74 2 0.406518
76 2 0.459861
78 2 0.511666
80 2 0.561927
82 2 0.610673
84 2 0.657973
86 2 0.70392
88 2 0.748637
90 2 0.792266
92 2 0.834964
94 2 0.876903
96 2 0.918263
98 2 0.959232
100 2 1

0 4 2
2 4 1.8769
4 4 1.75338
6 4 1.62904
8 4 1.50349
10 4 1.3764
12 4 1.24748
14 4 1.11653
16 4 0.983423
18 4 0.848112
20 4 0.710659
22 4 0.571224
24 4 0.430063
26 4 0.287519
28 4 0.144008
30 4 0
32 4 0
34 4 0
36 4 0
38 4 0
40 4 0
42 4 0
44 4 0
46 4 0
48 4 0
50 4 0
52 4 0
54 4 0
56 4 0
58 4 0
60 4 0
62 4 0.120741
64 4 0.240893
66 4 0.359876
68 4 0.477162
70 4 0.592288
72 4 0.704875
74 4 0.814636
76 4 0.921378
78 4 1.025
80 4 1.12549
82 4 1.22291
84 4 1.31741
86 4 1.40917
88 4 1.49845
90 4 1.58554
92 4 1.67075
94 4 1.75443
96 4 1.83695
98 4 1.91868
100 4 2

0 6 3
2 6 2.81588
4 6 2.63112
6 6 2.44508
8 6 2.25718
10 6 2.0669
12 6 1.87379
14 6 1.67753
16 6 1.47791
18 6 1.27486
20 6 1.06848
22 6 0.859007
24 6 0.646831
26 6 0.432491
28 6 0.216636
30 6 0
32 6 0
34 6 0
36 6 0
38 6 0
40 6 0
42 6 0
44 6 0
46 6 0
48 6 0
50 6 0
52 6 0
54 6 0
56 6 0
58 6 0
60 6 0
62 6 0.181907
64 6 0.362895
66 6 0.542069
68 6 0.718607
70 6 0.891798
72 6 1.06106
74 6 1.22596
76 6 1.38621
78 6 1.54167
80 6 1.69232
82 6 1.83828
84 6 1.97976
86 6 2.11708
88 6 2.25062
90 6 2.38082
92 6 2.50817
94 6 2.6332
96 6 2.75647
98 6 2.87854
100 6 3

0 8 4
2 8 3.75553
4 8 3.51015
6 8 3.26301
8 8 3.01329
10 8 2.76025
12 8 2.50329
14 8 2.24192
16 8 1.97586
18 8 1.70499
20 8 1.42943
22 8 1.14952
24 8 0.865785
26 8 0.57899
28 8 0.290049
30 8 0
32 8 0
34 8 0
36 8 0
38 8 0
40 8 0
42 8 0
44 8 0
46 8 0
48 8 0
50 8 0
52 8 0
54 8 0
56 8 0
58 8 0
60 8 0
62 8 0.244057
64 8 0.486825
66 8 0.72705
68 8 0.963588
70 8 1.19546
72 8 1.42186
74 8 1.64221
76 8 1.85612
78 8 2.06343
80 8 2.26412
82 8 2.45839
84 8 2.64654
86 8 2.82901
88 8 3.00633
90 8 3.17912
92 8 3.34806
94 8 3.51385
96 8 3.67725
98 8 3.83904
100 8 4

0 10 5
2 10 4.69608
4 10 4.39098
6 10 4.08357
8 10 3.77276
10 10 3.45758
12 10 3.13723
14 10 2.81106
16 10 2.47865
18 10 2.13985
20 10 1.79479
22 10 1.44387
24 10 1.08783
26 10 0.727652
28 10 0.364575
30 10 0
32 10 0
34 10 0
36 10 0
38 10 0
40 10 0
42 10 0
44 10 0
46 10 0
48 10 0
50 10 0
52 10 0
54 10 0
56 10 0
58 10 0
60 10 0
62 10 0.307582
64 10 0.613443
66 10 0.915913
68 10 1.21348
70 10 1.50486
72 10 1.78903
74 10 2.06523
76 10 2.333
78 10 2.59215
80 10 2.84272
82 10 3.08496
84 10 3.31932
86 10 3.54638
88 10 3.76685
90 10 3.98152
92 10 4.19127
94 10 4.39701
96 10 4.59972
98 10 4.80038
100 10 5

0 12 6
2 12 5.63782
4 12 5.27416
6 12 4.90755
8 12 4.53663
10 12 4.16016
12 12 3.77706
14 12 3.3865
16 12 2.98791
18 12 2.58105
20 12 2.16604
22 12 1.7434
24 12 1.31403
26 12 0.879234
28 12 0.440608
30 12 0
32 12 0
34 12 0
36 12 0
38 12 0
40 12 0
42 12 0
44 12 0
46 12 0
48 12 0
50 12 0
52 12 0
54 12 0
56 12 0
58 12 0
60 12 0
62 12 0.372935
64 12 0.743629
66 12 1.10992
68 12 1.46987
70 12 1.82183
72 12 2.16455
74 12 2.49709
76 12 2.81894
78 12 3.1299
80 12 3.43008
82 12 3.71985
84 12 3.9998
86 12 4.27071
88 12 4.53348
90 12 4.78911
92 12 5.0387
94 12 5.28338
96 12 5.52435
98 12 5.76281
100 12 6

0 14 7
2 14 6.58108
4 14 6.16032
6 14 5.73591
8 14 5.30613
10 14 4.86942
12 14 4.42443
14 14 3.97004
16 14 3.5055
18 14 3.03045
20 14 2.54499
22 14 2.0497
24 14 1.54572
26 14 1.03467
28 14 0.518629
30 14 0
32 14 0
34 14 0
36 14 0
38 14 0
40 14 0
42 14 0
44 14 0
46 14 0
48 14 0
50 14 0
52 14 0
54 14 0
56 14 0
58 14 0
60 14 0
62 14 0.440655
64 14 0.878428
66 14 1.31055
68 14 1.73458
70 14 2.14847
72 14 2.55068
74 14 2.94015
76 14 3.31629
78 14 3.67895
80 14 4.02836
82 14 4.36505
84 14 4.68981
86 14 5.00362
88 14 5.30763
90 14 5.60308
92 14 5.89129
94 14 6.17366
96 14 6.45159
98 14 6.72655
100 14 7

0 16 8
2 16 7.52621
4 16 7.05018
6 16 6.56969
8 16 6.08263
10 16 5.58707
12 16 5.08127
14 16 4.56383
16 16 4.03371
18 16 3.49037
20 16 2.93383
22 16 2.36476
24 16 1.78451
26 16 1.19512
28 16 0.59925
30 16 0
32 16 0
34 16 0
36 16 0
38 16 0
40 16 0
42 16 0
44 16 0
46 16 0
48 16 0
50 16 0
52 16 0
54 16 0
56 16 0
58 16 0
60 16 0
62 16 0.511407
64 16 1.01912
66 16 1.51962
68 16 2.00983
70 16 2.48727
72 16 2.95009
74 16 3.3971
76 16 3.8277
78 16 4.24186
80 16 4.63995
82 16 5.02275
84 16 5.3913
86 16 5.74684
88 16 6.09079
90 16 6.42465
92 16 6.75003
94 16 7.06857
96 16 7.38195
98 16 7.69185
100 16 8

0 18 9
2 18 8.47362
4 18 7.94454
6 18 7.4101
8 18 6.86773
10 18 6.31504
12 18 5.74987
14 18 5.1704
16 18 4.57524
18 18 3.96357
20 18 3.33529
22 18 2.69106
24 18 2.03249
26 18 1.3621
28 18 0.683259
30 18 0
32 18 0
34 18 0
36 18 0
38 18 0
40 18 0
42 18 0
44 18 0
46 18 0
48 18 0
50 18 0
52 18 0
54 18 0
56 18 0
58 18 0
60 18 0
62 18 0.586024
64 18 1.16729
66 18 1.73934
68 18 2.29833
70 18 2.84123
72 18 3.36591
74 18 3.87109
76 18 4.35624
78 18 4.8215
80 18 5.26752
82 18 5.69537
84 18 6.10641
86 18 6.50222
88 18 6.88452
90 18 7.25513
92 18 7.61596
94 18 7.9689
96 18 8.31592
98 18 8.65897
100 18 9

0 20 10
2 20 9.42377
4 20 8.84434
6 20 8.25853
8 20 7.66326
10 20 7.05561
12 20 6.4329
14 20 5.79278
16 20 5.1334
18 20 4.45353
20 20 3.75279
22 20 3.0318
24 20 2.29237
26 20 1.53757
28 20 0.771699
30 20 0
32 20 0
34 20 0
36 20 0
38 20 0
40 20 0
42 20 0
44 20 0
46 20 0
48 20 0
50 20 0
52 20 0
54 20 0
56 20 0
58 20 0
60 20 0
62 20 0.665585
64 20 1.325
66 20 1.97254
68 20 2.60342
70 20 3.21402
72 20 3.80192
74 20 4.36583
76 20 4.90542
78 20 5.42114
80 20 5.91401
82 20 6.38552
84 20 6.83744
86 20 7.27172
88 20 7.69048
90 20 8.09588
92 20 8.49013
94 20 8.87544
96 20 9.25404
98 20 9.62816
100 20 10

0 22 11
2 22 10.3772
4 22 9.75058
6 22 9.11651
8 22 8.47128
10 22 7.81138
12 22 7.13347
14 22 6.43457
16 22 5.71218
18 22 4.96449
20 22 4.19065
22 22 3.39107
24 22 2.56768
26 22 1.72417
28 22 0.865977
30 22 0
32 22 0
34 22 0
36 22 0
38 22 0
40 22 0
42 22 0
44 22 0
46 22 0
48 22 0
50 22 0
52 22 0
54 22 0
56 22 0
58 22 0
60 22 0
62 22 0.751523
64 22 1.49494
66 22 2.22287
68 22 2.92937
70 22 3.61017
72 22 4.26265
74 22 4.88568
76 22 5.4793
78 22 6.04445
80 22 6.58271
82 22 7.09608
84 22 7.58685
86 22 8.05745
88 22 8.51042
90 22 8.9483
92 22 9.37364
94 22 9.78898
96 22 10.1968
98 22 10.5997
100 22 11

0 24 12
2 24 11.3344
4 24 10.6644
6 24 9.98575
8 24 9.29413
10 24 8.5853
12 24 7.8552
14 24 7.10004
16 24 6.31644
18 24 5.50176
20 24 4.65441
22 24 3.77427
24 24 2.86321
26 24 1.92552
28 24 0.968056
30 24 0
32 24 0
34 24 0
36 24 0
38 24 0
40 24 0
42 24 0
44 24 0
46 24 0
48 24 0
50 24 0
52 24 0
54 24 0
56 24 0
58 24 0
60 24 0
62 24 0.845806
64 24 1.68073
66 24 2.49515
68 24 3.28167
70 24 4.03537
72 24 4.75366
74 24 5.43582
76 24 6.08257
78 24 6.69559
80 24 7.2772
82 24 7.83011
84 24 8.35724
86 24 8.86157
88 24 9.34611
90 24 9.81381
92 24 10.2676
94 24 10.7103
96 24 11.1448
98 24 11.5738
100 24 12

0 26 13
2 26 12.296
4 26 11.587
6 26 10.8681
8 26 10.1343
10 26 9.38067
12 26 8.6022
14 26 7.79412
16 26 6.95197
18 26 6.07189
20 26 5.15111
22 26 4.18851
24 26 3.18548
26 26 2.14669
28 26 1.08075
30 26 0
32 26 0
34 26 0
36 26 0
38 26 0
40 26 0
42 26 0
44 26 0
46 26 0
48 26 0
50 26 0
52 26 0
54 26 0
56 26 0
58 26 0
60 26 0
62 26 0.951228
64 26 1.88745
66 26 2.79591
68 26 3.66748
70 26 4.4968
72 26 5.28169
74 26 6.02234
76 26 6.72056
78 26 7.37912
80 26 8.00137
82 26 8.59089
84 26 9.15133
86 26 9.6863
88 26 10.1993
90 26 10.6939
92 26 11.1731
94 26 11.6403
96 26 12.0985
98 26 12.5508
100 26 13

0 28 14
2 28 13.2626
4 28 12.5196
6 28 11.7655
8 28 10.9946
10 28 10.2011
12 28 9.37902
14 28 8.5225
16 28 7.62564
18 28 6.68294
20 28 5.68981
22 28 4.64335
24 28 3.54362
26 28 2.39511
28 28 1.20828
30 28 0
32 28 0
34 28 0
36 28 0
38 28 0
40 28 0
42 28 0
44 28 0
46 28 0
48 28 0
50 28 0
52 28 0
54 28 0
56 28 0
58 28 0
60 28 0
62 28 1.07194
64 28 2.12239
66 28 3.13419
68 28 4.09632
70 28 5.00354
72 28 5.85492
74 28 6.65233
76 28 7.39927
78 28 8.10007
80 28 8.75935
82 28 9.38177
84 28 9.97184
86 28 10.5338
88 28 11.0719
90 28 11.5898
92 28 12.0912
94 28 12.5797
96 28 13.0584
98 28 13.5308
100 28 14

0 30 15
2 30 14.2348
4 30 13.4634
6 30 12.6799
8 30 11.8777
10 30 11.0502
12 30 10.1906
14 30 9.29149
16 30 8.3454
18 30 7.34467
20 30 6.28205
22 30 5.15166
24 30 3.95067
26 30 2.68193
28 30 1.35729
30 30 0
32 30 0
34 30 0
36 30 0
38 30 0
40 30 0
42 30 0
44 30 0
46 30 0
48 30 0
50 30 0
52 30 0
54 30 0
56 30 0
58 30 0
60 30 0
62 30 1.21444
64 30 2.39651
66 30 3.5228
68 30 4.5809
70 30 5.56709
72 30 6.48318
74 30 7.3339
76 30 8.12528
78 30 8.86369
80 30 9.55534
82 30 10.2061
84 30 10.8214
86 30 11.4063
88 30 11.9654
90 30 12.5029
92 30 13.0229
94 30 13.529
96 30 14.025
98 30 14.5142
100 30 15

0 32 16
2 32 15.2131
4 32 14.4197
6 32 13.613
8 32 12.7862
10 32 11.9318
12 32 11.0419
14 32 10.1078
16 32 9.12011
18 32 8.06856
20 32 6.94231
22 32 5.73078
24 32 4.42563
26 32 3.02476
28 32 1.53899
30 32 0
32 32 0
34 32 0
36 32 0
38 32 0
40 32 0
42 32 0
44 32 0
46 32 0
48 32 0
50 32 0
52 32 0
54 32 0
56 32 0
58 32 0
60 32 0
62 32 1.38964
64 32 2.72697
66 32 3.98036
68 32 5.13828
70 32 6.20178
72 32 7.17795
74 32 8.07603
76 32 8.90552
78 32 9.67531
80 32 10.3934
82 32 11.0671
84 32 11.7025
86 32 12.3056
88 32 12.8813
90 32 13.4343
92 32 13.9689
94 32 14.4891
96 32 14.9986
98 32 15.5011
100 32 16

0 34 17
2 34 16.1981
4 34 15.3893
6 34 14.5666
8 34 13.7226
10 34 12.8492
12 34 11.9376
14 34 10.978
16 34 9.95901
18 34 8.86748
20 34 7.68815
22 34 6.40377
24 34 4.99651
26 34 3.4526
28 34 1.77397
30 34 0
32 34 0
34 34 0
36 34 0
38 34 0
40 34 0
42 34 0
44 34 0
46 34 0
48 34 0
50 34 0
52 34 0
54 34 0
56 34 0
58 34 0
60 34 0
62 34 1.61752
64 34 3.142
66 34 4.53419
68 34 5.79108
70 34 6.92494
72 34 7.95203
74 34 8.88805
76 34 9.74678
78 34 10.5399
80 34 11.2773
82 34 11.9674
84 34 12.6173
86 34 13.2333
88 34 13.8208
90 34 14.3849
92 34 14.93
94 34 15.4602
96 34 15.9795
98 34 16.4916
100 34 17

0 36 18
2 36 17.19
4 36 16.373
6 36 15.5418
8 36 14.6886
10 36 13.805
12 36 12.8818
14 36 11.908
16 36 10.8709
18 36 9.75458
20 36 8.53938
22 36 7.19995
24 36 5.70429
26 36 4.01532
28 36 2.10433
30 36 0
32 36 0
34 36 0
36 36 0
38 36 0
40 36 0
42 36 0
44 36 0
46 36 0
48 36 0
50 36 0
52 36 0
54 36 0
56 36 0
58 36 0
60 36 0
62 36 1.93889
64 36 3.69001
66 36 5.22422
68 36 6.568
70 36 7.75609
72 36 8.81849
74 36 9.77873
76 36 10.655
78 36 11.4617
80 36 12.2099
82 36 12.9092
84 36 13.5672
86 36 14.1904
88 36 14.7848
90 36 15.3553
92 36 15.9065
94 36 16.4428
96 36 16.9679
98 36 17.4858
100 36 18

0 38 19
2 38 18.1891
4 38 17.3712
6 38 16.5392
8 38 15.6852
10 38 14.8009
12 38 13.8768
14 38 12.9018
16 38 11.8623
18 38 10.741
20 38 9.51524
22 38 8.15272
24 38 6.60566
26 38 4.80027
28 38 2.62812
30 38 0
32 38 0
34 38 0
36 38 0
38 38 0
40 38 0
42 38 0
44 38 0
46 38 0
48 38 0
50 38 0
52 38 0
54 38 0
56 38 0
58 38 0
60 38 0
62 38 2.44851
64 38 4.45572
66 38 6.10569
68 38 7.50177
70 38 8.71426
72 38 9.78852
74 38 10.7548
76 38 11.6345
78 38 12.4432
80 38 13.193
82 38 13.8937
84 38 14.553
86 38 15.1777
88 38 15.7736
90 38 16.3458
92 38 16.8988
94 38 17.4369
96 38 17.964
98 38 18.4838
100 38 19

0 40 20
2 40 19.1953
4 40 18.3839
6 40 17.5587
8 40 16.7125
10 40 15.8371
12 40 14.9233
14 40 13.9606
16 40 12.9358
18 40 11.8325
20 40 10.6283
22 40 9.29045
24 40 7.76572
26 40 5.95225
28 40 3.60799
30 40 0
32 40 0
34 40 0
36 40 0
38 40 0
40 40 0
42 40 0
44 40 0
46 40 0
48 40 0
50 40 0
52 40 0
54 40 0
56 40 0
58 40 0
60 40 0
62 40 3.40006
64 40 5.57956
66 40 7.24218
68 40 8.62044
70 40 9.81208
72 40 10.868
74 40 11.8192
76 40 12.6865
78 40 13.4852
80 40 14.2269
82 40 14.9209
84 40 15.5748
86 40 16.195
88 40 16.7872
90 40 17.3563
92 40 17.9067
94 40 18.4425
96 40 18.9676
98 40 19.4856
100 40 20

0 42 21
2 42 20.2083
4 42 19.4104
6 42 18.5997
8 42 17.7693
10 42 16.912
12 42 16.0193
14 42 15.0819
16 42 14.0885
18 42 13.0256
20 42 11.8755
22 42 10.6156
24 42 9.21498
26 42 7.63538
28 42 5.85178
30 42 4.0011
32 42 3.24086
34 42 2.87012
36 42 2.66347
38 42 2.53821
40 42 2.45985
42 42 2.41241
44 42 2.38821
46 42 2.38394
48 42 2.39933
50 42 2.43711
52 42 2.50415
54 42 2.61515
56 42 2.80214
58 42 3.14234
60 42 3.84681
62 42 5.57298
64 42 7.22137
66 42 8.6643
68 42 9.92714
70 42 11.0472
72 42 12.0539
74 42 12.969
76 42 13.8088
78 42 14.5858
80 42 15.31
82 42 15.9896
84 42 16.6315
86 42 17.2416
88 42 17.825
90 42 18.3863
92 42 18.9298
94 42 19.4594
96 42 19.9786
98 42 20.491
100 42 21

0 44 22
2 44 21.2278
4 44 20.45
6 44 19.6606
8 44 18.8537
10 44 18.0226
12 44 17.1605
14 44 16.2597
16 44 15.3115
18 44 14.3062
20 44 13.2334
22 44 12.082
24 44 10.8438
26 44 9.52301
28 44 8.1631
30 44 6.91217
32 44 6.09258
34 44 5.57652
36 44 5.24591
38 44 5.02991
40 44 4.88915
42 44 4.80199
44 44 4.75688
46 44 4.74862
48 44 4.77672
50 44 4.84539
52 44 4.96485
54 44 5.15482
56 44 5.45166
58 44 5.92107
60 44 6.67277
62 44 7.82476
64 44 9.06988
66 44 10.2679
68 44 11.3782
70 44 12.3972
72 44 13.333
74 44 14.1958
76 44 14.9955
78 44 15.7408
80 44 16.4394
82 44 17.0977
84 44 17.7216
86 44 18.3161
88 44 18.8859
90 44 19.4352
92 44 19.9677
94 44 20.4871
96 44 20.9968
98 44 21.5
100 44 22

0 46 23
2 46 22.2531
4 46 21.5013
6 46 20.7395
8 46 19.9625
10 46 19.1649
12 46 18.3411
14 46 17.4855
16 46 16.5921
18 46 15.6553
20 46 14.6705
22 46 13.6358
24 46 12.556
26 46 11.4504
28 46 10.3661
30 46 9.39253
32 46 8.64137
34 46 8.09807
36 46 7.71434
38 46 7.447
40 46 7.26549
42 46 7.15014
44 46 7.08938
46 46 7.07762
48 46 7.11426
50 46 7.20363
52 46 7.35579
54 46 7.58846
56 46 7.9295
58 46 8.4185
60 46 9.09958
62 46 9.98469
64 46 10.9669
66 46 11.961
68 46 12.9221
70 46 13.8323
72 46 14.6869
74 46 15.4876
76 46 16.2384
78 46 16.9444
80 46 17.6106
82 46 18.2417
84 46 18.8424
86 46 19.4167
88 46 19.9686
90 46 20.5017
92 46 21.0195
94 46 21.5251
96 46 22.0217
98 46 22.5124
100 46 23

0 48 24
2 48 23.2836
4 48 22.563
6 48 21.834
8 48 21.0923
10 48 20.3338
12 48 19.5543
14 48 18.7497
16 48 17.9168
18 48 17.0531
20 48 16.1582
22 48 15.2355
24 48 14.2949
26 48 13.3573
28 48 12.459
30 48 11.6513
32 48 10.9831
34 48 10.4609
36 48 10.0672
38 48 9.77908
40 48 9.57649
42 48 9.44459
44 48 9.37378
46 48 9.35914
48 48 9.40004
50 48 9.50006
52 48 9.66729
54 48 9.91481
56 48 10.2606
58 48 10.7251
60 48 11.3237
62 48 12.049
64 48 12.8537
66 48 13.6885
68 48 14.5189
70 48 15.3248
72 48 16.0966
74 48 16.831
76 48 17.5281
78 48 18.1897
80 48 18.8186
82 48 19.4179
84 48 19.991
86 48 20.541
88 48 21.0712
90 48 21.5845
92 48 22.0841
94 48 22.5726
96 48 23.053
98 48 23.5279
100 48 24

0 50 25
2 50 24.3184
4 50 23.6333
6 50 22.9415
8 50 22.2396
10 50 21.5244
12 50 20.793
14 50 20.0431
16 50 19.2732
18 50 18.483
20 50 17.6747
22 50 16.854
24 50 16.0318
26 50 15.2259
28 50 14.4623
30 50 13.7715
32 50 13.1798
34 50 12.6961
36 50 12.3154
38 50 12.0267
40 50 11.8179
42 50 11.679
44 50 11.6031
46 50 11.5862
48 50 11.6279
50 50 11.7305
52 50 11.8998
54 50 12.1442
56 50 12.4742
58 50 12.8992
60 50 13.4228
62 50 14.0356
64 50 14.712
66 50 15.4224
68 50 16.1419
70 50 16.8532
72 50 17.5457
74 50 18.2137
76 50 18.8551
78 50 19.4694
80 50 20.0578
82 50 20.6219
84 50 21.164
86 50 21.6865
88 50 22.1917
90 50 22.6821
92 50 23.1604
94 50 23.6289
96 50 24.09
98 50 24.5463
100 50 25

0 52 26
2 52 25.3567
4 52 24.7108
6 52 24.0596
8 52 23.4006
10 52 22.7317
12 52 22.051
14 52 21.3573
16 52 20.6505
18 52 19.9319
20 52 19.2046
22 52 18.4751
24 52 17.7532
26 52 17.0534
28 52 16.3937
30 52 15.7937
32 52 15.2697
34 52 14.8294
36 52 14.4729
38 52 14.1954
40 52 13.9905
42 52 13.8518
44 52 13.7746
46 52 13.7562
48 52 13.796
50 52 13.8956
52 52 14.0585
54 52 14.2897
56 52 14.5944
58 52 14.9762
60 52 15.4343
62 52 15.9603
64 52 16.5383
66 52 17.1491
68 52 17.7751
70 52 18.4024
72 52 19.0212
74 52 19.6251
76 52 20.2109
78 52 20.7769
80 52 21.3229
82 52 21.8496
84 52 22.3582
86 52 22.8504
88 52 23.328
90 52 23.7929
92 52 24.2472
94 52 24.693
96 52 25.1323
98 52 25.5673
100 52 26

0 54 27
2 54 26.3979
4 54 25.7938
6 54 25.1858
8 54 24.5721
10 54 23.9514
12 54 23.3226
14 54 22.6855
16 54 22.0407
18 54 21.3902
20 54 20.7378
22 54 20.0895
24 54 19.4538
26 54 18.8418
28 54 18.2665
30 54 17.7412
32 54 17.277
34 54 16.8801
36 54 16.5526
38 54 16.293
40 54 16.0981
42 54 15.9643
44 54 15.8887
46 54 15.8694
48 54 15.9059
50 54 15.999
52 54 16.1506
54 54 16.3633
56 54 16.6391
58 54 16.9788
60 54 17.3797
62 54 17.835
64 54 18.3337
66 54 18.8626
68 54 19.4091
70 54 19.9621
72 54 20.5133
74 54 21.0567
76 54 21.5884
78 54 22.1062
80 54 22.6091
82 54 23.0969
84 54 23.5704
86 54 24.0303
88 54 24.4781
90 54 24.9153
92 54 25.3433
94 54 25.7641
96 54 26.1792
98 54 26.5906
100 54 27

0 56 28
2 56 27.4412
4 56 26.881
6 56 26.3181
8 56 25.7513
10 56 25.1798
12 56 24.6033
14 56 24.0221
16 56 23.4374
18 56 22.8514
20 56 22.268
22 56 21.6924
24 56 21.1317
26 56 20.5946
28 56 20.0905
30 56 19.6291
32 56 19.218
34 56 18.8628
36 56 18.5659
38 56 18.3274
40 56 18.1461
42 56 18.0202
44 56 17.948
46 56 17.9284
48 56 17.9608
50 56 18.0455
52 56 18.1834
54 56 18.3754
56 56 18.6218
58 56 18.9219
60 56 19.2726
62 56 19.6682
64 56 20.1007
66 56 20.5606
68 56 21.0384
70 56 21.5257
72 56 22.0153
74 56 22.5019
76 56 22.9817
78 56 23.4521
80 56 23.9119
82 56 24.3603
84 56 24.7974
86 56 25.2237
88 56 25.6401
90 56 26.0476
92 56 26.4475
94 56 26.8412
96 56 27.2302
98 56 27.6159
100 56 28

0 58 29
2 58 28.4861
4 58 27.9712
6 58 27.4546
8 58 26.9356
10 58 26.4139
12 58 25.8895
14 58 25.3631
16 58 24.8362
18 58 24.3111
20 58 23.7913
22 58 23.2814
24 58 22.7872
26 58 22.3154
28 58 21.8733
30 58 21.4677
32 58 21.1047
34 58 20.7886
36 58 20.522
38 58 20.3059
40 58 20.1401
42 58 20.0239
44 58 19.9564
46 58 19.9369
48 58 19.9649
50 58 20.0405
52 58 20.1638
54 58 20.3347
56 58 20.5527
58 58 20.8163
60 58 21.1225
62 58 21.4665
64 58 21.8422
66 58 22.2426
68 58 22.6604
70 58 23.0888
72 58 23.5222
74 58 23.9558
76 58 24.3861
78 58 24.8106
80 58 25.2276
82 58 25.6364
84 58 26.0365
86 58 26.4282
88 58 26.8119
90 58 27.1883
92 58 27.5586
94 58 27.9236
96 58 28.2847
98 58 28.6431
100 58 29

0 60 30
2 60 29.532
4 60 29.0635
6 60 28.594
8 60 28.1233
10 60 27.6512
12 60 27.1783
14 60 26.7054
16 60 26.2341
18 60 25.7665
20 60 25.3058
22 60 24.8559
24 60 24.4215
26 60 24.0079
28 60 23.6206
30 60 23.265
32 60 22.9457
34 60 22.6663
36 60 22.4292
38 60 22.2356
40 60 22.086
42 60 21.9804
44 60 21.9183
46 60 21.8994
48 60 21.9232
50 60 21.9896
52 60 22.0983
54 60 22.2487
56 60 22.4399
58 60 22.6701
60 60 22.9364
62 60 23.235
64 60 23.561
66 60 23.9091
68 60 24.2735
70 60 24.649
72 60 25.0308
74 60 25.4149
76 60 25.7981
78 60 26.1781
80 60 26.5533
82 60 26.9225
84 60 27.2854
86 60 27.6418
88 60 27.9919
90 60 28.3362
92 60 28.6755
94 60 29.0105
96 60 29.3422
98 60 29.6717
100 60 30

0 62 31
2 62 30.5786
4 62 30.157
6 62 29.7351
8 62 29.3127
10 62 28.8901
12 62 28.4678
14 62 28.047
16 62 27.629
18 62 27.2159
20 62 26.8105
22 62 26.4159
24 62 26.0361
26 62 25.6752
28 62 25.3376
30 62 25.0274
32 62 24.7482
34 62 24.5031
36 62 24.2941
38 62 24.1227
40 62 23.9896
42 62 23.8949
44 62 23.8387
46 62 23.8207
48 62 23.8406
50 62 23.8982
52 62 23.9928
54 62 24.1238
56 62 24.2899
58 62 24.4894
60 62 24.7198
62 62 24.9779
64 62 25.2597
66 62 25.5611
68 62 25.8775
70 62 26.2047
72 62 26.5388
74 62 26.8765
76 62 27.215
78 62 27.5521
80 62 27.8863
82 62 28.2165
84 62 28.542
86 62 28.8627
88 62 29.1786
90 62 29.4899
92 62 29.7972
94 62 30.1011
96 62 30.4023
98 62 30.7016
100 62 31

0 64 32
2 64 31.6256
4 64 31.2512
6 64 30.8769
8 64 30.5027
10 64 30.1291
12 64 29.7567
14 64 29.3864
16 64 29.0198
18 64 28.6586
20 64 28.3052
22 64 27.9622
24 64 27.6328
26 64 27.3204
28 64 27.0283
30 64 26.7598
32 64 26.5179
34 64 26.305
36 64 26.1229
38 64 25.973
40 64 25.856
42 64 25.7724
44 64 25.7223
46 64 25.7056
48 64 25.722
50 64 25.7712
52 64 25.8526
54 64 25.9653
56 64 26.1082
58 64 26.2796
60 64 26.4774
62 64 26.6988
64 64 26.9407
66 64 27.1997
68 64 27.4724
70 64 27.7551
72 64 28.0449
74 64 28.3389
76 64 28.6347
78 64 28.9304
80 64 29.2246
82 64 29.5163
84 64 29.8047
86 64 30.0895
88 64 30.3707
90 64 30.6484
92 64 30.9229
94 64 31.1947
96 64 31.4644
98 64 31.7326
100 64 32

0 66 33
2 66 32.6728
4 66 32.3457
6 66 32.0189
8 66 31.6926
10 66 31.3674
12 66 31.0439
14 66 30.723
16 66 30.4059
18 66 30.0944
20 66 29.7903
22 66 29.4959
24 66 29.2137
26 66 28.9463
28 66 28.6965
30 66 28.4669
32 66 28.2598
34 66 28.0772
36 66 27.9208
38 66 27.7916
40 66 27.6905
42 66 27.6179
44 66 27.574
46 66 27.5588
48 66 27.5721
50 66 27.6136
52 66 27.6826
54 66 27.7783
56 66 27.8996
58 66 28.0451
60 66 28.2129
62 66 28.4007
64 66 28.6062
66 66 28.8264
68 66 29.0587
70 66 29.3002
72 66 29.5484
74 66 29.801
76 66 30.0559
78 66 30.3116
80 66 30.5668
82 66 30.8204
84 66 31.0719
86 66 31.3208
88 66 31.5671
90 66 31.8107
92 66 32.0518
94 66 32.2909
96 66 32.5283
98 66 32.7645
100 66 33

0 68 34
2 68 33.7199
4 68 33.44
6 68 33.1606
8 68 32.882
10 68 32.6046
12 68 32.329
14 68 32.0562
16 68 31.7873
18 68 31.5235
20 68 31.2665
22 68 31.0182
24 68 30.7805
26 68 30.5556
28 68 30.3456
30 68 30.1525
32 68 29.9783
34 68 29.8245
36 68 29.6925
38 68 29.5833
40 68 29.4976
42 68 29.4358
44 68 29.3982
46 68 29.3848
48 68 29.3955
50 68 29.4297
52 68 29.4872
54 68 29.567
56 68 29.6683
58 68 29.7897
60 68 29.9298
62 68 30.0866
64 68 30.2583
66 68 30.4425
68 68 30.6371
70 68 30.84
72 68 31.0489
74 68 31.262
76 68 31.4777
78 68 31.6946
80 68 31.9116
82 68 32.1278
84 68 32.3426
86 68 32.5557
88 68 32.7668
90 68 32.976
92 68 33.1833
94 68 33.3891
96 68 33.5935
98 68 33.797
100 68 34

0 70 35
2 70 34.7669
4 70 34.5341
6 70 34.3019
8 70 34.0704
10 70 33.8402
12 70 33.6119
14 70 33.3862
16 70 33.164
18 70 32.9464
20 70 32.7348
22 70 32.5306
24 70 32.3354
26 70 32.1508
28 70 31.9786
30 70 31.8203
32 70 31.6773
34 70 31.551
36 70 31.4425
38 70 31.3526
40 70 31.2819
42 70 31.2308
44 70 31.1995
46 70 31.188
48 70 31.1963
50 70 31.224
52 70 31.2707
54 70 31.3356
56 70 31.4181
58 70 31.517
60 70 31.6312
62 70 31.759
64 70 31.8991
66 70 32.0495
68 70 32.2087
70 70 32.3748
72 70 32.5463
74 70 32.7216
76 70 32.8994
78 70 33.0785
80 70 33.2581
82 70 33.4374
84 70 33.6159
86 70 33.7932
88 70 33.9691
90 70 34.1437
92 70 34.3168
94 70 34.4888
96 70 34.6598
98 70 34.8301
100 70 35

0 72 36
2 72 35.8138
4 72 35.6279
6 72 35.4425
8 72 35.2579
10 72 35.0744
12 72 34.8926
14 72 34.7131
16 72 34.5366
18 72 34.364
20 72 34.1963
22 72 34.0347
24 72 33.8803
26 72 33.7345
28 72 33.5984
30 72 33.4734
32 72 33.3604
34 72 33.2606
36 72 33.1748
38 72 33.1036
40 72 33.0475
42 72 33.0068
44 72 32.9818
46 72 32.9725
48 72 32.9787
50 72 33.0003
52 72 33.0368
54 72 33.0878
56 72 33.1525
58 72 33.2302
60 72 33.3199
62 72 33.4204
64 72 33.5305
66 72 33.6489
68 72 33.7743
70 72 33.9054
72 72 34.0409
74 72 34.1797
76 72 34.3206
78 72 34.4629
80 72 34.6057
82 72 34.7486
84 72 34.891
86 72 35.0326
88 72 35.1734
90 72 35.3131
92 72 35.4519
94 72 35.5898
96 72 35.7269
98 72 35.8636
100 72 36

0 74 37
2 74 36.8606
4 74 36.7213
6 74 36.5825
8 74 36.4444
10 74 36.3072
12 74 36.1713
14 74 36.0373
16 74 35.9057
18 74 35.7771
20 74 35.6522
22 74 35.532
24 74 35.4173
26 74 35.3089
28 74 35.2079
30 74 35.115
32 74 35.0311
34 74 34.9569
36 74 34.8931
38 74 34.8401
40 74 34.7983
42 74 34.768
44 74 34.7493
46 74 34.7422
48 74 34.7466
50 74 34.7625
52 74 34.7894
54 74 34.827
56 74 34.8749
58 74 34.9323
60 74 34.9986
62 74 35.0729
64 74 35.1544
66 74 35.2421
68 74 35.3351
70 74 35.4324
72 74 35.5331
74 74 35.6363
76 74 35.7412
78 74 35.8473
80 74 35.954
82 74 36.0608
84 74 36.1673
86 74 36.2734
88 74 36.379
90 74 36.4838
92 74 36.588
94 74 36.6916
96 74 36.7947
98 74 36.8975
100 74 37

0 76 38
2 76 37.9071
4 76 37.8144
6 76 37.722
8 76 37.6301
10 76 37.5388
12 76 37.4485
14 76 37.3595
16 76 37.272
18 76 37.1867
20 76 37.1039
22 76 37.0242
24 76 36.9482
26 76 36.8765
28 76 36.8095
30 76 36.7481
32 76 36.6925
34 76 36.6434
36 76 36.6011
38 76 36.566
40 76 36.5383
42 76 36.5181
44 76 36.5057
46 76 36.5009
48 76 36.5037
50 76 36.5141
52 76 36.5319
54 76 36.5567
56 76 36.5882
58 76 36.6261
60 76 36.6699
62 76 36.7189
64 76 36.7728
66 76 36.8307
68 76 36.8922
70 76 36.9566
72 76 37.0232
74 76 37.0916
76 76 37.1613
78 76 37.2317
80 76 37.3026
82 76 37.3736
84 76 37.4445
86 76 37.5152
88 76 37.5855
90 76 37.6554
92 76 37.725
94 76 37.7941
96 76 37.8629
98 76 37.9315
100 76 38

0 78 39
2 78 38.9536
4 78 38.9073
6 78 38.8611
8 78 38.8152
10 78 38.7696
12 78 38.7246
14 78 38.6801
16 78 38.6365
18 78 38.594
20 78 38.5527
22 78 38.513
24 78 38.4751
26 78 38.4394
28 78 38.4061
30 78 38.3755
32 78 38.3478
34 78 38.3234
36 78 38.3023
38 78 38.2848
40 78 38.271
42 78 38.2609
44 78 38.2547
46 78 38.2523
48 78 38.2537
50 78 38.2588
52 78 38.2676
54 78 38.28
56 78 38.2956
58 78 38.3145
60 78 38.3362
62 78 38.3606
64 78 38.3874
66 78 38.4162
68 78 38.4468
70 78 38.4788
72 78 38.512
74 78 38.5461
76 78 38.5808
78 78 38.6159
80 78 38.6513
82 78 38.6867
84 78 38.7222
86 78 38.7575
88 78 38.7926
90 78 38.8276
92 78 38.8624
94 78 38.897
96 78 38.9314
98 78 38.9657
100 78 39

0 80 40
2 80 40
4 80 40
6 80 40
8 80 40
10 80 40
12 80 40
14 80 40
16 80 40
18 80 40
20 80 40
22 80 40
24 80 40
26 80 40
28 80 40
30 80 40
32 80 40
34 80 40
36 80 40
38 80 40
40 80 40
42 80 40
44 80 40
46 80 40
48 80 40
50 80 40
52 80 40
54 80 40
56 80 40
58 80 40
60 80 40
62 80 40
64 80 40
66 80 40
68 80 40
70 80 40
72 80 40
74 80 40
76 80 40
78 80 40
80 80 40
82 80 40
84 80 40
86 80 40
88 80 40
90 80 40
92 80 40
94 80 40
96 80 40
98 80 40
100 80 40

