-4.996044 -3.382753
-4.987800 -3.378910
-4.979559 -3.375065
-4.971320 -3.371219
-4.963085 -3.367371
-4.954852 -3.363523
-4.946622 -3.359673
-4.938394 -3.355822
-4.930170 -3.351970
-4.921948 -3.348116
-4.913729 -3.344262
-4.905513 -3.340406
-4.897299 -3.336549
-4.889089 -3.332691
-4.880881 -3.328831
-4.872677 -3.324971
-4.864475 -3.321109
-4.856276 -3.317246
-4.848080 -3.313382
-4.839887 -3.309516
-4.831696 -3.305650
-4.823509 -3.301782
-4.815324 -3.297913
-4.807143 -3.294043
-4.798964 -3.290171
-4.790789 -3.286298
-4.782616 -3.282424
-4.774446 -3.278549
-4.766279 -3.274673
-4.758116 -3.270795
-4.749955 -3.266916
-4.741797 -3.263036
-4.733642 -3.259155
-4.725491 -3.255273
-4.717342 -3.251389
-4.709196 -3.247504
-4.701053 -3.243618
-4.692914 -3.239730
-4.684777 -3.235842
-4.676644 -3.231952
-4.668513 -3.228061
-4.660386 -3.224168
-4.652262 -3.220275
-4.644141 -3.216380
-4.636022 -3.212484
-4.627908 -3.208587
-4.619796 -3.204688
-4.611687 -3.200788
-4.603582 -3.196887
-4.595479 -3.192985
-4.587380 -3.189081
-4.579284 -3.185177
-4.571191 -3.181271
-4.563102 -3.177363
-4.555015 -3.173455
-4.546932 -3.169545
-4.538852 -3.165634
-4.530775 -3.161722
-4.522702 -3.157809
-4.514632 -3.153894
-4.506565 -3.149978
-4.498501 -3.146061
-4.490440 -3.142142
-4.482383 -3.138222
-4.474329 -3.134301
-4.466279 -3.130379
-4.458232 -3.126456
-4.450188 -3.122531
-4.442147 -3.118605
-4.434110 -3.114678
-4.426076 -3.110749
-4.418046 -3.106819
-4.410018 -3.102888
-4.401995 -3.098956
-4.393974 -3.095022
-4.385957 -3.091087
-4.377944 -3.087151
-4.369934 -3.083214
-4.361927 -3.079275
-4.353924 -3.075335
-4.345924 -3.071394
-4.337928 -3.067452
-4.329935 -3.063508
-4.321946 -3.059563
-4.313960 -3.055617
-4.305977 -3.051669
-4.297999 -3.047721
-4.290023 -3.043771
-4.282051 -3.039819
-4.274083 -3.035867
-4.266119 -3.031913
-4.258157 -3.027958
-4.250200 -3.024002
-4.242246 -3.020044
-4.234296 -3.016085
-4.226349 -3.012125
-4.218406 -3.008163
-4.210466 -3.004201
-4.202530 -3.000237
-4.194598 -2.996271
-4.186670 -2.992305
-4.178745 -2.988337
-4.170824 -2.984368
-4.162906 -2.980397
-4.154992 -2.976426
-4.147082 -2.972453
-4.139176 -2.968479
-4.131273 -2.964503
-4.123374 -2.960526
-4.115479 -2.956548
-4.107588 -2.952569
-4.099700 -2.948588
-4.091816 -2.944607
-4.083936 -2.940623
-4.076060 -2.936639
-4.068188 -2.932653
-4.060319 -2.928666
-4.052455 -2.924678
-4.044594 -2.920689
-4.036737 -2.916698
-4.028884 -2.912706
-4.021035 -2.908712
-4.013189 -2.904718
-4.005348 -2.900722
-3.997510 -2.896725
-3.989677 -2.892726
-3.981847 -2.888726
-3.974022 -2.884725
-3.966200 -2.880723
-3.958382 -2.876720
-3.950569 -2.872715
-3.942759 -2.868709
-3.934953 -2.864701
-3.927151 -2.860693
-3.919354 -2.856683
-3.911560 -2.852672
-3.903771 -2.848659
-3.895985 -2.844645
-3.888204 -2.840630
-3.880427 -2.836614
-3.872653 -2.832597
-3.864884 -2.828578
-3.857119 -2.824558
-3.849359 -2.820536
-3.841602 -2.816514
-3.833849 -2.812490
-3.826101 -2.808465
-3.818357 -2.804438
-3.810617 -2.800411
-3.802881 -2.796382
-3.795150 -2.792352
-3.787422 -2.788320
-3.779699 -2.784287
-3.771981 -2.780253
-3.764266 -2.776218
-3.756556 -2.772182
-3.748850 -2.768144
-3.741148 -2.764105
-3.733451 -2.760065
-3.725758 -2.756023
-3.718069 -2.751980
-3.710385 -2.747936
-3.702705 -2.743891
-3.695029 -2.739844
-3.687358 -2.735797
-3.679691 -2.731747
-3.672029 -2.727697
-3.664371 -2.723646
-3.656718 -2.719593
-3.649068 -2.715539
-3.641424 -2.711484
-3.633784 -2.707427
-3.626148 -2.703369
-3.618517 -2.699310
-3.610890 -2.695250
-3.603268 -2.691189
-3.595650 -2.687126
-3.588037 -2.683062
-3.580429 -2.678997
-3.572825 -2.674931
-3.565226 -2.670863
-3.557631 -2.666794
-3.550041 -2.662724
-3.542455 -2.658653
-3.534874 -2.654580
-3.527298 -2.650507
-3.519726 -2.646432
-3.512159 -2.642356
-3.504597 -2.638278
-3.497039 -2.634200
-3.489486 -2.630120
-3.481938 -2.626039
-3.474395 -2.621957
-3.466856 -2.617874
-3.459322 -2.613789
-3.451793 -2.609703
-3.444268 -2.605616
-3.436749 -2.601528
-3.429234 -2.597439
-3.421724 -2.593348
-3.414219 -2.589257
-3.406718 -2.585164
-3.399223 -2.581070
-3.391732 -2.576975
-3.384246 -2.572878
-3.376765 -2.568781
-3.369289 -2.564682
-3.361818 -2.560582
-3.354352 -2.556481
-3.346891 -2.552379
-3.339434 -2.548275
-3.331983 -2.544171
-3.324537 -2.540065
-3.317095 -2.535958
-3.309659 -2.531850
-3.302227 -2.527741
-3.294801 -2.523631
-3.287380 -2.519520
-3.279963 -2.515407
-3.272552 -2.511294
-3.265146 -2.507179
-3.257745 -2.503063
-3.250349 -2.498946
-3.242958 -2.494828
-3.235572 -2.490709
-3.228191 -2.486589
-3.220816 -2.482467
-3.213445 -2.478345
-3.206080 -2.474221
-3.198720 -2.470097
-3.191365 -2.465971
-3.184015 -2.461844
-3.176671 -2.457716
-3.169332 -2.453587
-3.161998 -2.449457
-3.154669 -2.445326
-3.147345 -2.441194
-3.140027 -2.437061
-3.132714 -2.432927
-3.125406 -2.428791
-3.118104 -2.424655
-3.110806 -2.420518
-3.103515 -2.416379
-3.096228 -2.412240
-3.088947 -2.408100
-3.081671 -2.403958
-3.074401 -2.399816
-3.067136 -2.395672
-3.059876 -2.391528
-3.052622 -2.387382
-3.045373 -2.383236
-3.038129 -2.379089
-3.030891 -2.374940
-3.023659 -2.370791
-3.016432 -2.366641
-3.009210 -2.362489
-3.001994 -2.358337
-2.994783 -2.354184
-2.987578 -2.350030
-2.980378 -2.345875
-2.973184 -2.341719
-2.965995 -2.337562
-2.958812 -2.333404
-2.951634 -2.329246
-2.944462 -2.325086
-2.937295 -2.320926
-2.930134 -2.316764
-2.922979 -2.312602
-2.915829 -2.308439
-2.908684 -2.304275
-2.901546 -2.300110
-2.894413 -2.295944
-2.887285 -2.291778
-2.880163 -2.287610
-2.873047 -2.283442
-2.865937 -2.279273
-2.858832 -2.275103
-2.851733 -2.270932
-2.844639 -2.266761
-2.837551 -2.262589
-2.830469 -2.258416
-2.823392 -2.254242
-2.816321 -2.250067
-2.809256 -2.245892
-2.802197 -2.241716
-2.795143 -2.237539
-2.788095 -2.233361
-2.781053 -2.229183
-2.774016 -2.225004
-2.766986 -2.220824
-2.759961 -2.216643
-2.752941 -2.212462
-2.745928 -2.208280
-2.738920 -2.204098
-2.731918 -2.199915
-2.724922 -2.195731
-2.717932 -2.191546
-2.710947 -2.187361
-2.703968 -2.183175
-2.696995 -2.178989
-2.690028 -2.174802
-2.683067 -2.170614
-2.676111 -2.166426
-2.669161 -2.162237
-2.662217 -2.158048
-2.655279 -2.153858
-2.648347 -2.149667
-2.641420 -2.145476
-2.634500 -2.141285
-2.627585 -2.137093
-2.620676 -2.132900
-2.613773 -2.128707
-2.606875 -2.124514
-2.599984 -2.120320
-2.593098 -2.116125
-2.586218 -2.111931
-2.579344 -2.107735
-2.572476 -2.103539
-2.565614 -2.099343
-2.558758 -2.095147
-2.551907 -2.090950
-2.545062 -2.086752
-2.538223 -2.082555
-2.531390 -2.078357
-2.524563 -2.074158
-2.517742 -2.069959
-2.510926 -2.065760
-2.504116 -2.061561
-2.497312 -2.057361
-2.490514 -2.053162
-2.483722 -2.048961
-2.476935 -2.044761
-2.470155 -2.040560
-2.463380 -2.036359
-2.456611 -2.032158
-2.449847 -2.027957
-2.443090 -2.023756
-2.436338 -2.019554
-2.429592 -2.015352
-2.422852 -2.011150
-2.416117 -2.006948
-2.409389 -2.002746
-2.402666 -1.998544
-2.395949 -1.994341
-2.389237 -1.990139
-2.382531 -1.985937
-2.375831 -1.981734
-2.369137 -1.977532
-2.362448 -1.973329
-2.355765 -1.969127
-2.349088 -1.964924
-2.342416 -1.960722
-2.335750 -1.956520
-2.329089 -1.952317
-2.322434 -1.948115
-2.315785 -1.943913
-2.309141 -1.939711
-2.302503 -1.935509
-2.295871 -1.931308
-2.289244 -1.927106
-2.282622 -1.922905
-2.276006 -1.918704
-2.269395 -1.914503
-2.262790 -1.910303
-2.256191 -1.906103
-2.249596 -1.901903
-2.243007 -1.897703
-2.236424 -1.893504
-2.229846 -1.889305
-2.223273 -1.885106
-2.216705 -1.880908
-2.210143 -1.876710
-2.203586 -1.872512
-2.197034 -1.868315
-2.190487 -1.864119
-2.183946 -1.859923
-2.177410 -1.855727
-2.170878 -1.851532
-2.164352 -1.847337
-2.157831 -1.843143
-2.151315 -1.838950
-2.144804 -1.834757
-2.138298 -1.830565
-2.131797 -1.826373
-2.125301 -1.822182
-2.118810 -1.817992
-2.112323 -1.813803
-2.105842 -1.809614
-2.099365 -1.805426
-2.092892 -1.801238
-2.086425 -1.797052
-2.079962 -1.792866
-2.073504 -1.788681
-2.067050 -1.784497
-2.060601 -1.780314
-2.054156 -1.776132
-2.047715 -1.771950
-2.041279 -1.767770
-2.034848 -1.763590
-2.028420 -1.759412
-2.021997 -1.755235
-2.015578 -1.751058
-2.009164 -1.746883
-2.002753 -1.742708
-1.996346 -1.738535
-1.989944 -1.734363
-1.983545 -1.730192
-1.977150 -1.726022
-1.970759 -1.721854
-1.964371 -1.717687
-1.957988 -1.713521
-1.951608 -1.709356
-1.945231 -1.705192
-1.938858 -1.701030
-1.932489 -1.696869
-1.926123 -1.692710
-1.919760 -1.688552
-1.913400 -1.684395
-1.907044 -1.680240
-1.900691 -1.676086
-1.894340 -1.671934
-1.887993 -1.667783
-1.881649 -1.663634
-1.875307 -1.659487
-1.868968 -1.655341
-1.862632 -1.651196
-1.856298 -1.647054
-1.849967 -1.642913
-1.843638 -1.638773
-1.837312 -1.634636
-1.830987 -1.630500
-1.824665 -1.626366
-1.818345 -1.622234
-1.812027 -1.618104
-1.805711 -1.613975
-1.799397 -1.609849
-1.793084 -1.605724
-1.786773 -1.601602
-1.780463 -1.597481
-1.774155 -1.593362
-1.767848 -1.589246
-1.761542 -1.585131
-1.755237 -1.581019
-1.748934 -1.576909
-1.742631 -1.572801
-1.736329 -1.568695
-1.730027 -1.564591
-1.723726 -1.560489
-1.717425 -1.556390
-1.711125 -1.552293
-1.704825 -1.548199
-1.698525 -1.544107
-1.692225 -1.540017
-1.685924 -1.535929
-1.679623 -1.531845
-1.673322 -1.527762
-1.667020 -1.523682
-1.660718 -1.519605
-1.654415 -1.515530
-1.648110 -1.511458
-1.641805 -1.507388
-1.635498 -1.503321
-1.629190 -1.499257
-1.622880 -1.495195
-1.616568 -1.491136
-1.610255 -1.487080
-1.603939 -1.483027
-1.597622 -1.478977
-1.591302 -1.474929
-1.584979 -1.470884
-1.578654 -1.466843
-1.572326 -1.462804
-1.565995 -1.458768
-1.559661 -1.454736
-1.553323 -1.450706
-1.546982 -1.446679
-1.540638 -1.442656
-1.534289 -1.438635
-1.527937 -1.434618
-1.521580 -1.430604
-1.515219 -1.426594
-1.508853 -1.422586
-1.502483 -1.418582
-1.496107 -1.414581
-1.489726 -1.410584
-1.483340 -1.406590
-1.476949 -1.402599
-1.470551 -1.398612
-1.464148 -1.394628
-1.457738 -1.390648
-1.451322 -1.386671
-1.444900 -1.382698
-1.438470 -1.378729
-1.432034 -1.374763
-1.425590 -1.370801
-1.419139 -1.366842
-1.412680 -1.362888
-1.406213 -1.358937
-1.399738 -1.354990
-1.393254 -1.351046
-1.386762 -1.347107
-1.380261 -1.343171
-1.373751 -1.339240
-1.367232 -1.335312
-1.360703 -1.331388
-1.354164 -1.327469
-1.347615 -1.323553
-1.341055 -1.319642
-1.334485 -1.315734
-1.327904 -1.311831
-1.321312 -1.307932
-1.314709 -1.304037
-1.308093 -1.300147
-1.301466 -1.296260
-1.294827 -1.292378
-1.288175 -1.288501
-1.281510 -1.284628
-1.274832 -1.280759
-1.268141 -1.276894
-1.261436 -1.273035
-1.254718 -1.269179
-1.247985 -1.265328
-1.241237 -1.261482
-1.234475 -1.257641
-1.227698 -1.253804
-1.220905 -1.249971
-1.214097 -1.246144
-1.207272 -1.242321
-1.200431 -1.238503
-1.193574 -1.234690
-1.186699 -1.230882
-1.179808 -1.227078
-1.172899 -1.223280
-1.165971 -1.219487
-1.159026 -1.215698
-1.152062 -1.211915
-1.145079 -1.208137
-1.138077 -1.204363
-1.131056 -1.200595
-1.124014 -1.196833
-1.116953 -1.193075
-1.109870 -1.189323
-1.102767 -1.185576
-1.095643 -1.181834
-1.088497 -1.178098
-1.081330 -1.174368
-1.074140 -1.170643
-1.066927 -1.166923
-1.059692 -1.163209
-1.052433 -1.159501
-1.045151 -1.155798
-1.037844 -1.152101
-1.030514 -1.148410
-1.023158 -1.144724
-1.015778 -1.141045
-1.008372 -1.137371
-1.000941 -1.133703
-0.993483 -1.130042
-0.985999 -1.126386
-0.978489 -1.122737
-0.970951 -1.119094
-0.963385 -1.115457
-0.955792 -1.111826
-0.948171 -1.108201
-0.940521 -1.104583
-0.932842 -1.100972
-0.925133 -1.097367
-0.917395 -1.093769
-0.909628 -1.090177
-0.901829 -1.086592
-0.894001 -1.083014
-0.886141 -1.079442
-0.878250 -1.075878
-0.870327 -1.072320
-0.862372 -1.068770
-0.854384 -1.065227
-0.846364 -1.061691
-0.838311 -1.058162
-0.830224 -1.054641
-0.822104 -1.051127
-0.813950 -1.047620
-0.805761 -1.044122
-0.797537 -1.040631
-0.789279 -1.037147
-0.780985 -1.033672
-0.772655 -1.030204
-0.764290 -1.026745
-0.755888 -1.023294
-0.747450 -1.019851
-0.738975 -1.016416
-0.730462 -1.012990
-0.721912 -1.009573
-0.713325 -1.006164
-0.704700 -1.002764
-0.696036 -0.999372
-0.687334 -0.995990
-0.678593 -0.992617
-0.669812 -0.989253
-0.660993 -0.985899
-0.652134 -0.982554
-0.643236 -0.979218
-0.634297 -0.975893
-0.625319 -0.972577
-0.616300 -0.969271
-0.607240 -0.965975
-0.598140 -0.962690
-0.588999 -0.959415
-0.579816 -0.956150
-0.570593 -0.952897
-0.561328 -0.949654
-0.552021 -0.946422
-0.542673 -0.943201
-0.533283 -0.939992
-0.523851 -0.936794
-0.514377 -0.933608
-0.504861 -0.930433
-0.495303 -0.927271
-0.485703 -0.924120
-0.476060 -0.920982
-0.466375 -0.917857
-0.456647 -0.914744
-0.446877 -0.911644
-0.437065 -0.908557
-0.427210 -0.905484
-0.417313 -0.902423
-0.407374 -0.899377
-0.397392 -0.896344
-0.387368 -0.893325
-0.377302 -0.890321
-0.367194 -0.887330
-0.357044 -0.884355
-0.346852 -0.881394
-0.336618 -0.878448
-0.326343 -0.875518
-0.316027 -0.872603
-0.305669 -0.869703
-0.295270 -0.866820
-0.284831 -0.863952
-0.274351 -0.861101
-0.263830 -0.858267
-0.253270 -0.855449
-0.242670 -0.852648
-0.232030 -0.849865
-0.221351 -0.847098
-0.210634 -0.844350
-0.199878 -0.841619
-0.189083 -0.838907
-0.178251 -0.836213
-0.167382 -0.833537
-0.156476 -0.830880
-0.145533 -0.828243
-0.134554 -0.825624
-0.123540 -0.823025
-0.112490 -0.820446
-0.101406 -0.817887
-0.090288 -0.815347
-0.079136 -0.812829
-0.067951 -0.810331
-0.056734 -0.807854
-0.045485 -0.805397
-0.034205 -0.802963
-0.022894 -0.800549
-0.011553 -0.798158
-0.000183 -0.795788
0.011216 -0.793441
0.022643 -0.791116
0.034097 -0.788813
0.045578 -0.786534
0.057084 -0.784277
0.068616 -0.782044
0.080172 -0.779834
0.091751 -0.777648
0.103354 -0.775485
0.114978 -0.773346
0.126623 -0.771232
0.138289 -0.769142
0.149974 -0.767076
0.161677 -0.765035
0.173399 -0.763019
0.185137 -0.761028
0.196891 -0.759062
0.208660 -0.757121
0.220443 -0.755206
0.232240 -0.753316
0.244049 -0.751452
0.255869 -0.749614
0.267699 -0.747801
0.279539 -0.746015
0.291388 -0.744255
0.303243 -0.742521
0.315106 -0.740813
0.326974 -0.739132
0.338846 -0.737477
0.350722 -0.735849
0.362600 -0.734248
0.374480 -0.732673
0.386360 -0.731124
0.398240 -0.729603
0.410118 -0.728108
0.421993 -0.726640
0.433865 -0.725199
0.445733 -0.723785
0.457595 -0.722397
0.469450 -0.721037
0.481297 -0.719703
0.493136 -0.718396
0.504965 -0.717115
0.516783 -0.715861
0.528590 -0.714634
0.540384 -0.713434
0.552164 -0.712260
0.563930 -0.711112
0.575680 -0.709991
0.587413 -0.708896
0.599128 -0.707827
0.610825 -0.706784
0.622503 -0.705767
0.634160 -0.704776
0.645795 -0.703810
0.657409 -0.702871
0.668999 -0.701956
0.680564 -0.701067
0.692105 -0.700203
0.703620 -0.699364
0.715108 -0.698549
0.726568 -0.697760
0.738000 -0.696994
0.749402 -0.696253
0.760775 -0.695536
0.772116 -0.694843
0.783426 -0.694173
0.794703 -0.693526
0.805947 -0.692903
0.817157 -0.692303
0.828332 -0.691725
0.839472 -0.691170
0.850576 -0.690638
0.861643 -0.690127
0.872673 -0.689638
0.883665 -0.689170
0.894618 -0.688723
0.905531 -0.688298
0.916405 -0.687893
0.927239 -0.687509
0.938032 -0.687145
0.948783 -0.686800
0.959492 -0.686476
0.970159 -0.686170
0.980784 -0.685884
0.991364 -0.685617
1.001901 -0.685368
1.012394 -0.685137
1.022843 -0.684924
1.033246 -0.684729
1.043605 -0.684551
1.053917 -0.684390
1.064184 -0.684245
1.074405 -0.684118
1.084579 -0.684006
1.094707 -0.683910
1.104788 -0.683830
1.114822 -0.683765
1.124808 -0.683715
1.134747 -0.683680
1.144639 -0.683659
1.154482 -0.683652
1.164278 -0.683660
1.174026 -0.683680
1.183726 -0.683714
1.193377 -0.683761
1.202981 -0.683821
1.212536 -0.683893
1.222043 -0.683977
1.231502 -0.684073
1.240913 -0.684180
1.250276 -0.684299
1.259590 -0.684429
1.268857 -0.684570
1.278076 -0.684721
1.287247 -0.684882
1.296370 -0.685054
1.305446 -0.685235
1.314474 -0.685426
1.323455 -0.685626
1.332389 -0.685834
1.341276 -0.686052
1.350116 -0.686278
1.358910 -0.686513
1.367658 -0.686755
1.376359 -0.687005
1.385015 -0.687263
1.393625 -0.687529
1.402190 -0.687801
1.410710 -0.688080
1.419186 -0.688366
1.427617 -0.688659
1.436004 -0.688958
1.444347 -0.689263
1.452646 -0.689573
1.460903 -0.689890
1.469117 -0.690212
1.477289 -0.690540
1.485418 -0.690872
1.493506 -0.691210
1.501553 -0.691552
1.509558 -0.691899
1.517523 -0.692251
1.525449 -0.692607
1.533334 -0.692967
1.541180 -0.693331
1.548987 -0.693698
1.556756 -0.694070
1.564487 -0.694445
1.572180 -0.694823
1.579836 -0.695205
1.587455 -0.695590
1.595038 -0.695977
1.602585 -0.696368
1.610097 -0.696761
1.617574 -0.697157
1.625016 -0.697555
1.632424 -0.697956
1.639799 -0.698359
1.647140 -0.698764
1.654449 -0.699171
1.661726 -0.699581
1.668971 -0.699991
1.676184 -0.700404
1.683367 -0.700818
1.690519 -0.701234
1.697642 -0.701651
1.704735 -0.702069
1.711799 -0.702489
1.718835 -0.702910
1.725842 -0.703332
1.732823 -0.703755
1.739776 -0.704179
1.746702 -0.704604
1.753602 -0.705029
1.760477 -0.705455
1.767326 -0.705882
1.774151 -0.706309
1.780951 -0.706737
1.787727 -0.707166
1.794480 -0.707594
1.801210 -0.708023
1.807918 -0.708452
1.814604 -0.708882
1.821268 -0.709311
1.827910 -0.709741
1.834532 -0.710171
1.841134 -0.710600
1.847716 -0.711030
1.854279 -0.711459
1.860822 -0.711888
1.867347 -0.712317
1.873854 -0.712746
1.880343 -0.713175
1.886815 -0.713603
1.893270 -0.714031
1.899709 -0.714458
1.906132 -0.714885
1.912539 -0.715311
1.918930 -0.715737
1.925307 -0.716162
1.931670 -0.716587
1.938018 -0.717011
1.944353 -0.717435
1.950674 -0.717857
1.956983 -0.718279
1.963279 -0.718701
1.969563 -0.719121
1.975835 -0.719541
1.982096 -0.719960
1.988346 -0.720377
1.994585 -0.720795
2.000813 -0.721211
2.007032 -0.721626
2.013241 -0.722040
2.019441 -0.722453
2.025632 -0.722866
2.031814 -0.723277
2.037988 -0.723687
2.044154 -0.724096
2.050312 -0.724504
2.056463 -0.724911
2.062607 -0.725316
2.068744 -0.725721
2.074875 -0.726124
2.081000 -0.726526
2.087119 -0.726927
2.093233 -0.727327
2.099341 -0.727725
2.105444 -0.728122
2.111543 -0.728518
2.117637 -0.728913
2.123728 -0.729306
2.129814 -0.729698
2.135897 -0.730088
2.141976 -0.730477
2.148053 -0.730865
2.154127 -0.731251
2.160198 -0.731636
2.166267 -0.732019
2.172334 -0.732401
2.178399 -0.732782
2.184463 -0.733161
2.190526 -0.733538
2.196587 -0.733914
2.202647 -0.734288
2.208707 -0.734661
2.214766 -0.735033
2.220826 -0.735402
2.226885 -0.735770
2.232944 -0.736137
2.239004 -0.736501
2.245065 -0.736865
2.251126 -0.737226
2.257188 -0.737586
2.263252 -0.737944
2.269317 -0.738301
2.275383 -0.738655
2.281452 -0.739008
2.287522 -0.739359
2.293594 -0.739709
2.299669 -0.740057
2.305746 -0.740403
2.311826 -0.740747
2.317909 -0.741089
2.323994 -0.741429
2.330083 -0.741768
2.336175 -0.742105
2.342270 -0.742440
2.348369 -0.742773
2.354472 -0.743104
2.360579 -0.743433
2.366689 -0.743760
2.372804 -0.744086
2.378923 -0.744409
2.385046 -0.744731
2.391174 -0.745050
2.397307 -0.745368
2.403444 -0.745683
2.409586 -0.745996
2.415733 -0.746308
2.421886 -0.746617
2.428044 -0.746925
2.434207 -0.747230
2.440375 -0.747533
2.446549 -0.747834
2.452729 -0.748133
2.458915 -0.748430
2.465106 -0.748724
2.471304 -0.749017
2.477508 -0.749307
2.483717 -0.749596
2.489933 -0.749882
2.496156 -0.750165
2.502385 -0.750447
2.508620 -0.750726
2.514862 -0.751004
2.521111 -0.751278
2.527367 -0.751551
2.533629 -0.751821
2.539898 -0.752090
2.546175 -0.752355
2.552458 -0.752619
2.558749 -0.752880
2.565046 -0.753139
2.571352 -0.753395
2.577664 -0.753649
2.583984 -0.753901
2.590311 -0.754150
2.596646 -0.754397
2.602988 -0.754642
2.609338 -0.754884
2.615696 -0.755124
2.622062 -0.755361
2.628435 -0.755596
2.634816 -0.755828
2.641205 -0.756058
2.647602 -0.756285
2.654008 -0.756510
2.660421 -0.756732
2.666842 -0.756952
2.673271 -0.757170
2.679709 -0.757384
2.686154 -0.757597
2.692608 -0.757806
2.699070 -0.758013
2.705541 -0.758218
2.712020 -0.758420
2.718507 -0.758619
2.725002 -0.758816
2.731506 -0.759010
2.738019 -0.759201
2.744540 -0.759390
2.751069 -0.759576
2.757608 -0.759760
2.764154 -0.759940
2.770709 -0.760118
2.777273 -0.760294
2.783846 -0.760467
2.790427 -0.760637
2.797017 -0.760804
2.803615 -0.760968
2.810222 -0.761130
2.816838 -0.761289
2.823463 -0.761445
2.830096 -0.761599
2.836738 -0.761750
2.843389 -0.761898
2.850049 -0.762043
2.856718 -0.762185
2.863395 -0.762325
2.870081 -0.762461
2.876776 -0.762595
2.883480 -0.762726
2.890193 -0.762855
2.896914 -0.762980
2.903645 -0.763103
2.910384 -0.763222
2.917132 -0.763339
2.923889 -0.763453
2.930655 -0.763564
2.937430 -0.763672
2.944213 -0.763777
2.951006 -0.763880
2.957807 -0.763979
2.964617 -0.764075
2.971436 -0.764169
2.978264 -0.764260
2.985101 -0.764347
2.991947 -0.764432
2.998801 -0.764514
3.005664 -0.764592
3.012537 -0.764668
3.019418 -0.764741
3.026308 -0.764811
3.033206 -0.764878
3.040114 -0.764942
3.047030 -0.765003
3.053955 -0.765061
3.060889 -0.765115
3.067832 -0.765167
3.074783 -0.765216
3.081744 -0.765262
3.088713 -0.765305
3.095691 -0.765345
3.102677 -0.765381
3.109672 -0.765415
3.116676 -0.765446
3.123689 -0.765473
3.130710 -0.765498
3.137740 -0.765519
3.144779 -0.765538
3.151826 -0.765553
3.158882 -0.765565
3.165947 -0.765574
3.173020 -0.765580
3.180102 -0.765583
3.187192 -0.765583
3.194291 -0.765580
3.201399 -0.765574
3.208515 -0.765565
3.215639 -0.765552
3.222772 -0.765536
3.229914 -0.765518
3.237064 -0.765496
3.244222 -0.765471
3.251389 -0.765443
3.258564 -0.765412
3.265748 -0.765378
3.272940 -0.765340
3.280140 -0.765300
3.287349 -0.765256
3.294566 -0.765209
3.301792 -0.765159
3.309025 -0.765106
3.316267 -0.765050
3.323517 -0.764990
3.330775 -0.764928
3.338042 -0.764862
3.345317 -0.764793
3.352599 -0.764721
3.359890 -0.764646
3.367190 -0.764568
3.374497 -0.764486
3.381812 -0.764402
3.389135 -0.764314
3.396467 -0.764223
3.403806 -0.764129
3.411153 -0.764032
3.418509 -0.763931
3.425872 -0.763828
3.433243 -0.763721
3.440622 -0.763611
3.448009 -0.763498
3.455404 -0.763382
3.462807 -0.763263
3.470217 -0.763140
3.477636 -0.763014
3.485062 -0.762885
3.492495 -0.762753
3.499937 -0.762618
3.507386 -0.762479
3.514843 -0.762338
3.522308 -0.762193
3.529780 -0.762045
3.537259 -0.761894
3.544747 -0.761740
3.552242 -0.761582
3.559744 -0.761422
3.567254 -0.761258
3.574772 -0.761091
3.582296 -0.760921
3.589829 -0.760747
3.597369 -0.760571
3.604916 -0.760391
3.612470 -0.760209
3.620032 -0.760023
3.627601 -0.759833
3.635178 -0.759641
3.642762 -0.759446
3.650353 -0.759247
3.657951 -0.759045
3.665556 -0.758840
3.673169 -0.758632
3.680789 -0.758421
3.688416 -0.758207
3.696050 -0.757989
3.703691 -0.757768
3.711339 -0.757544
3.718994 -0.757317
3.726657 -0.757087
3.734326 -0.756854
3.742002 -0.756617
3.749685 -0.756378
3.757375 -0.756135
3.765072 -0.755889
3.772776 -0.755640
3.780487 -0.755388
3.788204 -0.755132
3.795929 -0.754874
3.803660 -0.754612
3.811398 -0.754348
3.819142 -0.754080
3.826893 -0.753809
3.834651 -0.753535
3.842416 -0.753257
3.850187 -0.752977
3.857965 -0.752694
3.865749 -0.752407
3.873540 -0.752117
3.881338 -0.751825
3.889142 -0.751529
3.896953 -0.751230
3.904770 -0.750928
3.912593 -0.750622
3.920423 -0.750314
3.928259 -0.750003
3.936102 -0.749688
3.943951 -0.749371
3.951806 -0.749050
3.959668 -0.748726
3.967536 -0.748399
3.975410 -0.748069
3.983290 -0.747737
3.991177 -0.747400
3.999070 -0.747061
4.006969 -0.746719
4.014874 -0.746374
4.022785 -0.746026
4.030702 -0.745674
4.038626 -0.745320
4.046555 -0.744962
4.054491 -0.744602
4.062432 -0.744238
4.070380 -0.743872
4.078333 -0.743502
4.086293 -0.743129
4.094258 -0.742754
4.102229 -0.742375
4.110206 -0.741993
4.118189 -0.741608
4.126178 -0.741221
4.134173 -0.740830
4.142173 -0.740436
4.150179 -0.740039
4.158191 -0.739639
4.166209 -0.739237
4.174232 -0.738831
4.182261 -0.738422
4.190296 -0.738010
4.198336 -0.737595
4.206382 -0.737178
4.214433 -0.736757
4.222490 -0.736333
4.230553 -0.735906
4.238621 -0.735477
4.246694 -0.735044
4.254774 -0.734609
4.262858 -0.734170
4.270948 -0.733729
4.279044 -0.733284
4.287144 -0.732837
4.295251 -0.732386
4.303362 -0.731933
4.311479 -0.731477
4.319601 -0.731018
4.327729 -0.730556
4.335862 -0.730091
4.344000 -0.729623
4.352143 -0.729152
4.360291 -0.728679
4.368445 -0.728202
4.376604 -0.727722
4.384768 -0.727240
4.392937 -0.726755
4.401111 -0.726267
4.409291 -0.725776
4.417475 -0.725282
4.425665 -0.724785
4.433859 -0.724285
4.442059 -0.723783
4.450263 -0.723277
4.458473 -0.722769
4.466687 -0.722258
4.474907 -0.721744
4.483131 -0.721227
4.491360 -0.720708
4.499594 -0.720185
4.507833 -0.719660
4.516077 -0.719132
4.524326 -0.718601
4.532579 -0.718067
4.540837 -0.717530
4.549100 -0.716991
4.557368 -0.716449
4.565640 -0.715904
4.573918 -0.715356
4.582200 -0.714805
4.590486 -0.714252
4.598777 -0.713696
4.607073 -0.713137
4.615374 -0.712575
4.623679 -0.712010
4.631988 -0.711443
4.640302 -0.710873
4.648621 -0.710300
4.656944 -0.709725
4.665272 -0.709146
4.673605 -0.708565
4.681941 -0.707982
4.690283 -0.707395
4.698628 -0.706806
4.706978 -0.706214
4.715333 -0.705619
4.723692 -0.705022
4.732055 -0.704422
4.740423 -0.703819
4.748795 -0.703213
4.757171 -0.702605
4.765551 -0.701994
4.773936 -0.701380
4.782325 -0.700764
4.790719 -0.700145
4.799116 -0.699524
4.807518 -0.698899
4.815924 -0.698272
4.824334 -0.697643
4.832749 -0.697010
4.841167 -0.696375
4.849590 -0.695738
4.858017 -0.695097
4.866448 -0.694454
4.874883 -0.693809
4.883322 -0.693161
4.891765 -0.692510
4.900212 -0.691856
4.908663 -0.691200
4.917119 -0.690542
4.925578 -0.689880
4.934041 -0.689216
4.942508 -0.688550
4.950979 -0.687881
4.959454 -0.687209
4.967933 -0.686535
4.976416 -0.685858
4.984903 -0.685179
4.993393 -0.684497
