-4.998865 -2.128878
-4.990766 -2.124692
-4.982671 -2.120504
-4.974581 -2.116314
-4.966494 -2.112121
-4.958411 -2.107926
-4.950332 -2.103729
-4.942257 -2.099529
-4.934187 -2.095327
-4.926120 -2.091123
-4.918057 -2.086916
-4.909999 -2.082708
-4.901944 -2.078496
-4.893894 -2.074283
-4.885848 -2.070066
-4.877806 -2.065848
-4.869768 -2.061627
-4.861735 -2.057404
-4.853705 -2.053178
-4.845680 -2.048950
-4.837659 -2.044720
-4.829643 -2.040487
-4.821630 -2.036252
-4.813622 -2.032014
-4.805619 -2.027774
-4.797619 -2.023532
-4.789624 -2.019287
-4.781634 -2.015039
-4.773648 -2.010789
-4.765666 -2.006537
-4.757689 -2.002282
-4.749716 -1.998025
-4.741748 -1.993765
-4.733784 -1.989503
-4.725824 -1.985238
-4.717870 -1.980971
-4.709920 -1.976701
-4.701974 -1.972429
-4.694033 -1.968154
-4.686097 -1.963877
-4.678165 -1.959597
-4.670238 -1.955314
-4.662315 -1.951030
-4.654398 -1.946742
-4.646485 -1.942452
-4.638577 -1.938159
-4.630673 -1.933864
-4.622775 -1.929566
-4.614881 -1.925266
-4.606992 -1.920963
-4.599108 -1.916658
-4.591229 -1.912349
-4.583354 -1.908039
-4.575485 -1.903725
-4.567621 -1.899409
-4.559761 -1.895091
-4.551907 -1.890769
-4.544057 -1.886445
-4.536213 -1.882119
-4.528374 -1.877790
-4.520539 -1.873458
-4.512710 -1.869123
-4.504886 -1.864786
-4.497067 -1.860446
-4.489254 -1.856103
-4.481445 -1.851758
-4.473642 -1.847410
-4.465844 -1.843059
-4.458052 -1.838706
-4.450264 -1.834350
-4.442482 -1.829991
-4.434706 -1.825629
-4.426934 -1.821265
-4.419169 -1.816898
-4.411408 -1.812528
-4.403653 -1.808155
-4.395904 -1.803780
-4.388160 -1.799401
-4.380421 -1.795020
-4.372688 -1.790637
-4.364961 -1.786250
-4.357240 -1.781860
-4.349524 -1.777468
-4.341813 -1.773073
-4.334109 -1.768675
-4.326410 -1.764275
-4.318717 -1.759871
-4.311029 -1.755464
-4.303348 -1.751055
-4.295672 -1.746643
-4.288002 -1.742228
-4.280338 -1.737810
-4.272680 -1.733389
-4.265028 -1.728966
-4.257382 -1.724539
-4.249742 -1.720109
-4.242108 -1.715677
-4.234480 -1.711242
-4.226858 -1.706803
-4.219242 -1.702362
-4.211633 -1.697918
-4.204029 -1.693471
-4.196432 -1.689021
-4.188841 -1.684568
-4.181256 -1.680112
-4.173678 -1.675653
-4.166106 -1.671191
-4.158541 -1.666726
-4.150981 -1.662258
-4.143429 -1.657787
-4.135882 -1.653313
-4.128343 -1.648836
-4.120809 -1.644356
-4.113283 -1.639872
-4.105763 -1.635386
-4.098249 -1.630897
-4.090743 -1.626405
-4.083243 -1.621909
-4.075749 -1.617411
-4.068263 -1.612909
-4.060783 -1.608405
-4.053310 -1.603897
-4.045844 -1.599386
-4.038385 -1.594872
-4.030933 -1.590355
-4.023488 -1.585835
-4.016050 -1.581312
-4.008619 -1.576785
-4.001195 -1.572255
-3.993779 -1.567723
-3.986369 -1.563187
-3.978967 -1.558648
-3.971571 -1.554105
-3.964184 -1.549560
-3.956803 -1.545011
-3.949430 -1.540459
-3.942064 -1.535904
-3.934706 -1.531346
-3.927355 -1.526784
-3.920011 -1.522219
-3.912676 -1.517651
-3.905347 -1.513080
-3.898027 -1.508506
-3.890714 -1.503928
-3.883409 -1.499347
-3.876111 -1.494762
-3.868822 -1.490175
-3.861540 -1.485584
-3.854266 -1.480990
-3.847000 -1.476392
-3.839742 -1.471791
-3.832492 -1.467187
-3.825250 -1.462580
-3.818017 -1.457969
-3.810791 -1.453355
-3.803573 -1.448737
-3.796364 -1.444116
-3.789163 -1.439492
-3.781970 -1.434864
-3.774786 -1.430233
-3.767610 -1.425599
-3.760443 -1.420961
-3.753284 -1.416320
-3.746133 -1.411675
-3.738992 -1.407027
-3.731858 -1.402376
-3.724734 -1.397721
-3.717618 -1.393063
-3.710511 -1.388401
-3.703413 -1.383736
-3.696324 -1.379067
-3.689244 -1.374395
-3.682172 -1.369720
-3.675110 -1.365041
-3.668057 -1.360358
-3.661013 -1.355672
-3.653978 -1.350982
-3.646952 -1.346289
-3.639936 -1.341593
-3.632929 -1.336893
-3.625931 -1.332189
-3.618943 -1.327482
-3.611964 -1.322771
-3.604995 -1.318057
-3.598036 -1.313339
-3.591086 -1.308618
-3.584146 -1.303893
-3.577215 -1.299165
-3.570295 -1.294433
-3.563384 -1.289697
-3.556483 -1.284958
-3.549593 -1.280215
-3.542712 -1.275469
-3.535841 -1.270719
-3.528981 -1.265965
-3.522131 -1.261208
-3.515291 -1.256447
-3.508461 -1.251683
-3.501642 -1.246914
-3.494833 -1.242143
-3.488035 -1.237367
-3.481248 -1.232588
-3.474471 -1.227805
-3.467704 -1.223019
-3.460949 -1.218229
-3.454204 -1.213435
-3.447470 -1.208638
-3.440748 -1.203836
-3.434036 -1.199032
-3.427335 -1.194223
-3.420645 -1.189411
-3.413967 -1.184595
-3.407300 -1.179775
-3.400644 -1.174952
-3.394000 -1.170125
-3.387367 -1.165294
-3.380746 -1.160459
-3.374136 -1.155621
-3.367538 -1.150779
-3.360952 -1.145933
-3.354378 -1.141084
-3.347815 -1.136230
-3.341264 -1.131373
-3.334726 -1.126513
-3.328200 -1.121648
-3.321685 -1.116780
-3.315183 -1.111908
-3.308694 -1.107032
-3.302216 -1.102152
-3.295751 -1.097268
-3.289299 -1.092381
-3.282859 -1.087490
-3.276432 -1.082595
-3.270018 -1.077697
-3.263617 -1.072794
-3.257228 -1.067888
-3.250853 -1.062978
-3.244490 -1.058064
-3.238141 -1.053146
-3.231805 -1.048225
-3.225482 -1.043300
-3.219173 -1.038371
-3.212877 -1.033438
-3.206595 -1.028501
-3.200326 -1.023560
-3.194071 -1.018616
-3.187830 -1.013668
-3.181603 -1.008716
-3.175389 -1.003760
-3.169190 -0.998800
-3.163005 -0.993837
-3.156834 -0.988869
-3.150677 -0.983898
-3.144535 -0.978923
-3.138407 -0.973944
-3.132294 -0.968962
-3.126195 -0.963975
-3.120111 -0.958985
-3.114042 -0.953991
-3.107988 -0.948993
-3.101949 -0.943991
-3.095925 -0.938985
-3.089916 -0.933976
-3.083923 -0.928963
-3.077944 -0.923946
-3.071981 -0.918925
-3.066034 -0.913900
-3.060103 -0.908871
-3.054187 -0.903839
-3.048287 -0.898803
-3.042402 -0.893763
-3.036534 -0.888719
-3.030682 -0.883672
-3.024846 -0.878620
-3.019027 -0.873565
-3.013224 -0.868506
-3.007437 -0.863443
-3.001667 -0.858377
-2.995914 -0.853307
-2.990177 -0.848233
-2.984458 -0.843155
-2.978755 -0.838073
-2.973069 -0.832988
-2.967401 -0.827899
-2.961750 -0.822806
-2.956116 -0.817709
-2.950500 -0.812609
-2.944901 -0.807505
-2.939320 -0.802397
-2.933757 -0.797286
-2.928212 -0.792170
-2.922684 -0.787051
-2.917175 -0.781929
-2.911684 -0.776803
-2.906211 -0.771673
-2.900757 -0.766539
-2.895321 -0.761402
-2.889904 -0.756261
-2.884506 -0.751116
-2.879126 -0.745968
-2.873766 -0.740816
-2.868424 -0.735661
-2.863101 -0.730501
-2.857798 -0.725339
-2.852514 -0.720173
-2.847250 -0.715003
-2.842005 -0.709829
-2.836780 -0.704652
-2.831575 -0.699472
-2.826389 -0.694288
-2.821223 -0.689100
-2.816078 -0.683909
-2.810953 -0.678714
-2.805848 -0.673516
-2.800763 -0.668315
-2.795699 -0.663110
-2.790656 -0.657901
-2.785633 -0.652689
-2.780631 -0.647474
-2.775650 -0.642255
-2.770690 -0.637033
-2.765752 -0.631807
-2.760834 -0.626578
-2.755938 -0.621346
-2.751063 -0.616110
-2.746210 -0.610871
-2.741378 -0.605629
-2.736568 -0.600383
-2.731780 -0.595134
-2.727014 -0.589882
-2.722269 -0.584627
-2.717547 -0.579368
-2.712847 -0.574106
-2.708170 -0.568841
-2.703515 -0.563572
-2.698882 -0.558300
-2.694272 -0.553026
-2.689684 -0.547747
-2.685119 -0.542466
-2.680577 -0.537182
-2.676058 -0.531894
-2.671562 -0.526603
-2.667089 -0.521310
-2.662639 -0.516013
-2.658213 -0.510713
-2.653809 -0.505410
-2.649429 -0.500103
-2.645072 -0.494794
-2.640739 -0.489482
-2.636430 -0.484166
-2.632144 -0.478848
-2.627881 -0.473526
-2.623643 -0.468202
-2.619428 -0.462874
-2.615236 -0.457544
-2.611069 -0.452210
-2.606926 -0.446874
-2.602806 -0.441534
-2.598711 -0.436191
-2.594639 -0.430846
-2.590592 -0.425497
-2.586569 -0.420146
-2.582569 -0.414791
-2.578594 -0.409433
-2.574643 -0.404073
-2.570715 -0.398709
-2.566812 -0.393342
-2.562933 -0.387973
-2.559078 -0.382600
-2.555247 -0.377224
-2.551440 -0.371845
-2.547657 -0.366463
-2.543898 -0.361078
-2.540162 -0.355690
-2.536451 -0.350298
-2.532763 -0.344904
-2.529099 -0.339506
-2.525459 -0.334105
-2.521842 -0.328701
-2.518248 -0.323293
-2.514678 -0.317882
-2.511131 -0.312468
-2.507607 -0.307050
-2.504105 -0.301629
-2.500627 -0.296204
-2.497171 -0.290776
-2.493738 -0.285344
-2.490327 -0.279909
-2.486939 -0.274469
-2.483572 -0.269026
-2.480227 -0.263579
-2.476903 -0.258128
-2.473600 -0.252673
-2.470319 -0.247213
-2.467058 -0.241750
-2.463818 -0.236282
-2.460597 -0.230809
-2.457397 -0.225333
-2.454216 -0.219851
-2.451054 -0.214364
-2.447911 -0.208873
-2.444786 -0.203377
-2.441679 -0.197875
-2.438590 -0.192368
-2.435517 -0.186855
-2.432462 -0.181337
-2.429422 -0.175813
-2.426398 -0.170283
-2.423390 -0.164746
-2.420395 -0.159204
-2.417415 -0.153654
-2.414448 -0.148098
-2.411494 -0.142534
-2.408552 -0.136964
-2.405621 -0.131385
-2.402701 -0.125799
-2.399790 -0.120205
-2.396889 -0.114602
-2.393996 -0.108991
-2.391111 -0.103371
-2.388232 -0.097741
-2.385359 -0.092102
-2.382491 -0.086453
-2.379626 -0.080793
-2.376764 -0.075123
-2.373904 -0.069442
-2.371045 -0.063749
-2.368185 -0.058045
-2.365323 -0.052328
-2.362458 -0.046598
-2.359589 -0.040855
-2.356714 -0.035099
-2.353832 -0.029328
-2.350942 -0.023543
-2.348043 -0.017742
-2.345131 -0.011926
-2.342207 -0.006093
-2.339269 -0.000244
-2.336314 0.005623
-2.333341 0.011508
-2.330349 0.017412
-2.327335 0.023335
-2.324297 0.029278
-2.321234 0.035242
-2.318143 0.041228
-2.315022 0.047235
-2.311869 0.053266
-2.308683 0.059320
-2.305459 0.065399
-2.302197 0.071503
-2.298893 0.077633
-2.295545 0.083790
-2.292151 0.089975
-2.288707 0.096189
-2.285211 0.102433
-2.281659 0.108707
-2.278050 0.115012
-2.274379 0.121350
-2.270644 0.127722
-2.266841 0.134128
-2.262967 0.140570
-2.259018 0.147048
-2.254992 0.153563
-2.250883 0.160118
-2.246689 0.166712
-2.242406 0.173346
-2.238029 0.180023
-2.233555 0.186742
-2.228979 0.193506
-2.224297 0.200315
-2.219504 0.207170
-2.214597 0.214072
-2.209569 0.221023
-2.204418 0.228023
-2.199137 0.235074
-2.193722 0.242177
-2.188167 0.249333
-2.182467 0.256543
-2.176618 0.263808
-2.170613 0.271128
-2.164447 0.278506
-2.158114 0.285942
-2.151608 0.293436
-2.144923 0.300990
-2.138054 0.308605
-2.130994 0.316281
-2.123737 0.324020
-2.116276 0.331821
-2.108605 0.339686
-2.100717 0.347614
-2.092605 0.355607
-2.084264 0.363665
-2.075685 0.371788
-2.066861 0.379977
-2.057787 0.388231
-2.048454 0.396550
-2.038855 0.404935
-2.028983 0.413384
-2.018831 0.421899
-2.008391 0.430477
-1.997656 0.439119
-1.986618 0.447824
-1.975270 0.456590
-1.963605 0.465417
-1.951614 0.474303
-1.939291 0.483246
-1.926628 0.492246
-1.913618 0.501299
-1.900253 0.510404
-1.886526 0.519559
-1.872430 0.528760
-1.857958 0.538005
-1.843102 0.547291
-1.827858 0.556615
-1.812216 0.565973
-1.796173 0.575362
-1.779720 0.584776
-1.762852 0.594213
-1.745564 0.603667
-1.727850 0.613134
-1.709705 0.622608
-1.691124 0.632084
-1.672102 0.641556
-1.652637 0.651019
-1.632723 0.660467
-1.612358 0.669892
-1.591539 0.679289
-1.570263 0.688650
-1.548529 0.697969
-1.526336 0.707238
-1.503682 0.716450
-1.480567 0.725596
-1.456992 0.734670
-1.432958 0.743662
-1.408466 0.752566
-1.383519 0.761371
-1.358118 0.770071
-1.332269 0.778657
-1.305975 0.787120
-1.279240 0.795451
-1.252072 0.803642
-1.224475 0.811684
-1.196457 0.819570
-1.168025 0.827290
-1.139189 0.834836
-1.109956 0.842199
-1.080338 0.849373
-1.050344 0.856349
-1.019986 0.863119
-0.989276 0.869676
-0.958226 0.876012
-0.926849 0.882122
-0.895158 0.887999
-0.863170 0.893635
-0.830897 0.899027
-0.798356 0.904168
-0.765562 0.909053
-0.732532 0.913678
-0.699283 0.918039
-0.665831 0.922132
-0.632194 0.925955
-0.598390 0.929505
-0.564436 0.932779
-0.530352 0.935777
-0.496154 0.938497
-0.461863 0.940938
-0.427496 0.943102
-0.393071 0.944988
-0.358608 0.946598
-0.324125 0.947933
-0.289640 0.948995
-0.255171 0.949788
-0.220737 0.950313
-0.186356 0.950576
-0.152044 0.950579
-0.117819 0.950327
-0.083698 0.949826
-0.049697 0.949079
-0.015832 0.948094
0.017880 0.946876
0.051426 0.945430
0.084789 0.943764
0.117956 0.941885
0.150914 0.939799
0.183649 0.937513
0.216149 0.935036
0.248402 0.932374
0.280396 0.929535
0.312122 0.926528
0.343567 0.923359
0.374724 0.920037
0.405583 0.916570
0.436136 0.912965
0.466375 0.909231
0.496293 0.905375
0.525883 0.901405
0.555140 0.897329
0.584058 0.893154
0.612632 0.888889
0.640858 0.884539
0.668732 0.880113
0.696251 0.875617
0.723412 0.871059
0.750214 0.866445
0.776654 0.861782
0.802730 0.857075
0.828443 0.852331
0.853792 0.847557
0.878777 0.842757
0.903397 0.837936
0.927655 0.833101
0.951550 0.828257
0.975085 0.823407
0.998261 0.818557
1.021081 0.813711
1.043546 0.808874
1.065659 0.804048
1.087423 0.799238
1.108842 0.794447
1.129918 0.789678
1.150655 0.784935
1.171056 0.780221
1.191126 0.775538
1.210869 0.770888
1.230288 0.766274
1.249388 0.761698
1.268174 0.757162
1.286650 0.752667
1.304820 0.748216
1.322689 0.743810
1.340263 0.739449
1.357545 0.735136
1.374541 0.730872
1.391256 0.726656
1.407694 0.722491
1.423861 0.718376
1.439761 0.714312
1.455400 0.710301
1.470783 0.706341
1.485914 0.702433
1.500799 0.698578
1.515443 0.694775
1.529850 0.691025
1.544026 0.687327
1.557975 0.683682
1.571703 0.680089
1.585214 0.676548
1.598513 0.673058
1.611604 0.669619
1.624494 0.666231
1.637185 0.662894
1.649683 0.659606
1.661993 0.656368
1.674118 0.653179
1.686064 0.650037
1.697835 0.646943
1.709434 0.643896
1.720867 0.640896
1.732138 0.637941
1.743250 0.635030
1.754208 0.632164
1.765015 0.629342
1.775676 0.626562
1.786195 0.623824
1.796575 0.621127
1.806820 0.618471
1.816934 0.615855
1.826920 0.613278
1.836781 0.610739
1.846523 0.608237
1.856146 0.605773
1.865656 0.603344
1.875055 0.600951
1.884347 0.598592
1.893534 0.596267
1.902619 0.593976
1.911607 0.591717
1.920498 0.589489
1.929298 0.587293
1.938007 0.585127
1.946630 0.582991
1.955168 0.580885
1.963624 0.578806
1.972002 0.576755
1.980302 0.574732
1.988529 0.572735
1.996683 0.570764
2.004768 0.568819
2.012786 0.566898
2.020739 0.565002
2.028629 0.563129
2.036459 0.561280
2.044229 0.559453
2.051944 0.557649
2.059603 0.555866
2.067210 0.554104
2.074766 0.552363
2.082273 0.550642
2.089733 0.548941
2.097147 0.547259
2.104517 0.545597
2.111846 0.543952
2.119133 0.542326
2.126382 0.540717
2.133593 0.539126
2.140768 0.537552
2.147909 0.535994
2.155017 0.534452
2.162092 0.532926
2.169137 0.531416
2.176154 0.529921
2.183142 0.528441
2.190103 0.526975
2.197040 0.525524
2.203951 0.524087
2.210840 0.522663
2.217706 0.521253
2.224552 0.519856
2.231378 0.518472
2.238184 0.517101
2.244973 0.515742
2.251745 0.514396
2.258500 0.513061
2.265240 0.511739
2.271966 0.510427
2.278679 0.509128
2.285379 0.507839
2.292067 0.506562
2.298744 0.505295
2.305411 0.504039
2.312068 0.502793
2.318716 0.501558
2.325357 0.500333
2.331989 0.499118
2.338615 0.497913
2.345235 0.496717
2.351849 0.495531
2.358458 0.494355
2.365063 0.493188
2.371664 0.492030
2.378261 0.490881
2.384856 0.489741
2.391449 0.488610
2.398039 0.487488
2.404629 0.486374
2.411217 0.485269
2.417805 0.484173
2.424394 0.483085
2.430982 0.482005
2.437572 0.480933
2.444163 0.479869
2.450755 0.478814
2.457350 0.477766
2.463947 0.476727
2.470546 0.475695
2.477149 0.474670
2.483755 0.473654
2.490365 0.472645
2.496979 0.471644
2.503597 0.470650
2.510219 0.469664
2.516847 0.468685
2.523479 0.467713
2.530117 0.466748
2.536760 0.465791
2.543410 0.464841
2.550065 0.463898
2.556727 0.462963
2.563395 0.462034
2.570070 0.461112
2.576751 0.460198
2.583440 0.459290
2.590136 0.458389
2.596839 0.457495
2.603551 0.456608
2.610269 0.455728
2.616996 0.454854
2.623731 0.453987
2.630474 0.453127
2.637225 0.452274
2.643984 0.451427
2.650753 0.450587
2.657530 0.449753
2.664316 0.448926
2.671110 0.448106
2.677914 0.447292
2.684727 0.446485
2.691549 0.445684
2.698380 0.444890
2.705221 0.444102
2.712071 0.443320
2.718931 0.442545
2.725801 0.441776
2.732680 0.441014
2.739569 0.440258
2.746468 0.439508
2.753376 0.438765
2.760295 0.438028
2.767224 0.437298
2.774162 0.436573
2.781111 0.435855
2.788070 0.435143
2.795039 0.434438
2.802018 0.433738
2.809007 0.433045
2.816007 0.432358
2.823017 0.431677
2.830037 0.431003
2.837068 0.430334
2.844109 0.429672
2.851161 0.429016
2.858222 0.428366
2.865295 0.427722
2.872377 0.427084
2.879470 0.426452
2.886574 0.425826
2.893688 0.425207
2.900812 0.424593
2.907947 0.423986
2.915093 0.423384
2.922249 0.422789
2.929415 0.422199
2.936592 0.421616
2.943779 0.421039
2.950976 0.420467
2.958185 0.419902
2.965403 0.419342
2.972632 0.418789
2.979871 0.418241
2.987121 0.417700
2.994381 0.417164
3.001651 0.416634
3.008932 0.416110
3.016223 0.415592
3.023525 0.415080
3.030836 0.414574
3.038158 0.414074
3.045490 0.413579
3.052833 0.413091
3.060185 0.412608
3.067548 0.412131
3.074921 0.411660
3.082304 0.411195
3.089697 0.410735
3.097100 0.410281
3.104514 0.409833
3.111937 0.409391
3.119370 0.408955
3.126813 0.408524
3.134266 0.408099
3.141729 0.407680
3.149202 0.407267
3.156684 0.406859
3.164177 0.406457
3.171679 0.406061
3.179191 0.405670
3.186713 0.405285
3.194244 0.404906
3.201785 0.404532
3.209335 0.404164
3.216895 0.403802
3.224465 0.403445
3.232044 0.403094
3.239632 0.402749
3.247230 0.402409
3.254837 0.402075
3.262454 0.401746
3.270080 0.401423
3.277715 0.401105
3.285359 0.400793
3.293013 0.400486
3.300675 0.400185
3.308347 0.399890
3.316028 0.399600
3.323718 0.399315
3.331417 0.399036
3.339124 0.398763
3.346841 0.398494
3.354567 0.398232
3.362301 0.397975
3.370044 0.397723
3.377797 0.397476
3.385557 0.397235
3.393327 0.397000
3.401105 0.396769
3.408891 0.396545
3.416687 0.396325
3.424490 0.396111
3.432303 0.395902
3.440123 0.395699
3.447952 0.395500
3.455790 0.395308
3.463636 0.395120
3.471490 0.394938
3.479352 0.394761
3.487223 0.394589
3.495101 0.394422
3.502988 0.394261
3.510883 0.394105
3.518786 0.393954
3.526697 0.393808
3.534616 0.393668
3.542543 0.393532
3.550478 0.393402
3.558420 0.393277
3.566371 0.393157
3.574329 0.393043
3.582295 0.392933
3.590269 0.392829
3.598250 0.392729
3.606239 0.392635
3.614235 0.392546
3.622240 0.392461
3.630251 0.392382
3.638270 0.392308
3.646297 0.392239
3.654331 0.392175
3.662372 0.392116
3.670421 0.392062
3.678477 0.392013
3.686540 0.391969
3.694610 0.391929
3.702688 0.391895
3.710772 0.391866
3.718864 0.391842
3.726963 0.391822
3.735069 0.391807
3.743182 0.391798
3.751302 0.391793
3.759429 0.391793
3.767562 0.391798
3.775703 0.391807
3.783850 0.391822
3.792004 0.391841
3.800165 0.391865
3.808333 0.391894
3.816507 0.391928
3.824688 0.391966
3.832875 0.392010
3.841069 0.392057
3.849270 0.392110
3.857477 0.392167
3.865691 0.392230
3.873911 0.392296
3.882137 0.392368
3.890370 0.392444
3.898609 0.392525
3.906854 0.392610
3.915106 0.392700
3.923364 0.392795
3.931628 0.392894
3.939898 0.392998
3.948175 0.393106
3.956457 0.393219
3.964746 0.393337
3.973041 0.393459
3.981341 0.393586
3.989648 0.393717
3.997960 0.393852
4.006279 0.393993
4.014603 0.394137
4.022934 0.394286
4.031270 0.394440
4.039612 0.394598
4.047959 0.394761
4.056313 0.394928
4.064672 0.395099
4.073036 0.395275
4.081407 0.395455
4.089783 0.395640
4.098164 0.395828
4.106552 0.396022
4.114944 0.396219
4.123342 0.396421
4.131746 0.396628
4.140155 0.396838
4.148570 0.397053
4.156990 0.397272
4.165415 0.397496
4.173845 0.397724
4.182281 0.397955
4.190722 0.398192
4.199169 0.398432
4.207620 0.398677
4.216077 0.398926
4.224539 0.399179
4.233006 0.399436
4.241478 0.399698
4.249955 0.399963
4.258438 0.400233
4.266925 0.400507
4.275417 0.400785
4.283915 0.401067
4.292417 0.401354
4.300924 0.401644
4.309436 0.401938
4.317953 0.402237
4.326475 0.402540
4.335002 0.402846
4.343533 0.403157
4.352069 0.403472
4.360610 0.403790
4.369156 0.404113
4.377706 0.404440
4.386261 0.404771
4.394821 0.405105
4.403385 0.405444
4.411954 0.405787
4.420528 0.406133
4.429106 0.406484
4.437688 0.406838
4.446276 0.407197
4.454867 0.407559
4.463463 0.407925
4.472064 0.408295
4.480668 0.408669
4.489278 0.409047
4.497891 0.409428
4.506509 0.409814
4.515132 0.410203
4.523758 0.410596
4.532389 0.410993
4.541024 0.411394
4.549664 0.411798
4.558308 0.412206
4.566955 0.412618
4.575607 0.413034
4.584263 0.413453
4.592924 0.413877
4.601588 0.414304
4.610257 0.414734
4.618929 0.415168
4.627606 0.415607
4.636286 0.416048
4.644971 0.416494
4.653660 0.416943
4.662352 0.417395
4.671049 0.417852
4.679749 0.418312
4.688453 0.418775
4.697162 0.419242
4.705874 0.419713
4.714590 0.420188
4.723310 0.420665
4.732033 0.421147
4.740760 0.421632
4.749492 0.422121
4.758227 0.422613
4.766965 0.423109
4.775708 0.423608
4.784454 0.424111
4.793203 0.424617
4.801957 0.425126
4.810714 0.425640
4.819474 0.426156
4.828239 0.426677
4.837006 0.427200
4.845778 0.427727
4.854553 0.428258
4.863331 0.428792
4.872113 0.429329
4.880899 0.429870
4.889688 0.430414
4.898480 0.430961
4.907276 0.431512
4.916075 0.432066
4.924878 0.432624
4.933684 0.433185
4.942494 0.433749
4.951307 0.434317
4.960123 0.434888
4.968942 0.435462
4.977765 0.436040
4.986591 0.436620
4.995421 0.437205
