-4.993702 -1.233306
-4.985579 -1.228863
-4.977461 -1.224418
-4.969347 -1.219969
-4.961237 -1.215517
-4.953131 -1.211062
-4.945029 -1.206604
-4.936931 -1.202142
-4.928838 -1.197677
-4.920749 -1.193208
-4.912664 -1.188737
-4.904583 -1.184262
-4.896506 -1.179783
-4.888434 -1.175301
-4.880366 -1.170816
-4.872302 -1.166328
-4.864243 -1.161836
-4.856188 -1.157341
-4.848137 -1.152842
-4.840091 -1.148340
-4.832049 -1.143834
-4.824012 -1.139325
-4.815979 -1.134813
-4.807951 -1.130297
-4.799927 -1.125777
-4.791907 -1.121254
-4.783892 -1.116728
-4.775882 -1.112198
-4.767876 -1.107664
-4.759874 -1.103127
-4.751878 -1.098587
-4.743886 -1.094043
-4.735898 -1.089495
-4.727915 -1.084944
-4.719937 -1.080389
-4.711964 -1.075830
-4.703995 -1.071268
-4.696031 -1.066703
-4.688072 -1.062133
-4.680117 -1.057560
-4.672168 -1.052983
-4.664223 -1.048403
-4.656283 -1.043819
-4.648348 -1.039231
-4.640418 -1.034640
-4.632492 -1.030044
-4.624572 -1.025445
-4.616656 -1.020843
-4.608746 -1.016236
-4.600840 -1.011626
-4.592940 -1.007012
-4.585044 -1.002394
-4.577154 -0.997772
-4.569268 -0.993146
-4.561388 -0.988517
-4.553513 -0.983884
-4.545643 -0.979247
-4.537778 -0.974606
-4.529918 -0.969961
-4.522064 -0.965312
-4.514214 -0.960659
-4.506370 -0.956002
-4.498532 -0.951341
-4.490698 -0.946677
-4.482870 -0.942008
-4.475047 -0.937336
-4.467230 -0.932659
-4.459418 -0.927978
-4.451611 -0.923293
-4.443810 -0.918605
-4.436014 -0.913912
-4.428223 -0.909215
-4.420439 -0.904514
-4.412659 -0.899809
-4.404885 -0.895100
-4.397117 -0.890386
-4.389355 -0.885669
-4.381598 -0.880947
-4.373846 -0.876221
-4.366100 -0.871491
-4.358360 -0.866757
-4.350626 -0.862018
-4.342897 -0.857275
-4.335174 -0.852528
-4.327457 -0.847777
-4.319746 -0.843021
-4.312040 -0.838261
-4.304341 -0.833497
-4.296647 -0.828729
-4.288959 -0.823956
-4.281277 -0.819179
-4.273601 -0.814397
-4.265931 -0.809611
-4.258267 -0.804820
-4.250609 -0.800026
-4.242957 -0.795226
-4.235311 -0.790422
-4.227671 -0.785614
-4.220038 -0.780801
-4.212410 -0.775984
-4.204789 -0.771162
-4.197173 -0.766336
-4.189564 -0.761505
-4.181961 -0.756670
-4.174365 -0.751830
-4.166775 -0.746985
-4.159191 -0.742136
-4.151613 -0.737282
-4.144042 -0.732423
-4.136477 -0.727560
-4.128918 -0.722692
-4.121366 -0.717820
-4.113821 -0.712942
-4.106282 -0.708060
-4.098749 -0.703173
-4.091223 -0.698282
-4.083703 -0.693385
-4.076190 -0.688484
-4.068684 -0.683578
-4.061184 -0.678667
-4.053691 -0.673751
-4.046205 -0.668831
-4.038725 -0.663905
-4.031252 -0.658975
-4.023786 -0.654039
-4.016326 -0.649099
-4.008873 -0.644153
-4.001428 -0.639203
-3.993989 -0.634248
-3.986556 -0.629287
-3.979131 -0.624322
-3.971713 -0.619351
-3.964301 -0.614376
-3.956897 -0.609395
-3.949499 -0.604409
-3.942108 -0.599418
-3.934725 -0.594422
-3.927348 -0.589420
-3.919979 -0.584414
-3.912617 -0.579402
-3.905261 -0.574385
-3.897913 -0.569363
-3.890572 -0.564335
-3.883239 -0.559302
-3.875912 -0.554264
-3.868593 -0.549220
-3.861280 -0.544171
-3.853975 -0.539117
-3.846678 -0.534057
-3.839388 -0.528991
-3.832105 -0.523921
-3.824829 -0.518845
-3.817560 -0.513763
-3.810299 -0.508676
-3.803046 -0.503583
-3.795800 -0.498485
-3.788561 -0.493381
-3.781330 -0.488271
-3.774106 -0.483156
-3.766889 -0.478035
-3.759680 -0.472908
-3.752479 -0.467776
-3.745285 -0.462638
-3.738099 -0.457495
-3.730920 -0.452345
-3.723748 -0.447190
-3.716585 -0.442029
-3.709429 -0.436862
-3.702280 -0.431689
-3.695139 -0.426510
-3.688006 -0.421326
-3.680880 -0.416135
-3.673762 -0.410938
-3.666651 -0.405736
-3.659548 -0.400527
-3.652453 -0.395313
-3.645366 -0.390092
-3.638286 -0.384865
-3.631214 -0.379632
-3.624149 -0.374393
-3.617092 -0.369148
-3.610043 -0.363896
-3.603002 -0.358639
-3.595968 -0.353375
-3.588942 -0.348104
-3.581923 -0.342828
-3.574912 -0.337545
-3.567909 -0.332255
-3.560914 -0.326960
-3.553926 -0.321658
-3.546946 -0.316349
-3.539973 -0.311034
-3.533009 -0.305712
-3.526051 -0.300384
-3.519102 -0.295049
-3.512160 -0.289708
-3.505225 -0.284360
-3.498298 -0.279005
-3.491379 -0.273644
-3.484467 -0.268276
-3.477563 -0.262901
-3.470666 -0.257519
-3.463777 -0.252131
-3.456895 -0.246736
-3.450020 -0.241333
-3.443153 -0.235924
-3.436294 -0.230508
-3.429441 -0.225085
-3.422596 -0.219654
-3.415758 -0.214217
-3.408927 -0.208773
-3.402104 -0.203321
-3.395288 -0.197862
-3.388478 -0.192396
-3.381676 -0.186923
-3.374881 -0.181442
-3.368092 -0.175955
-3.361311 -0.170459
-3.354536 -0.164957
-3.347768 -0.159447
-3.341007 -0.153929
-3.334253 -0.148404
-3.327505 -0.142871
-3.320763 -0.137331
-3.314028 -0.131783
-3.307300 -0.126227
-3.300577 -0.120663
-3.293861 -0.115092
-3.287151 -0.109513
-3.280447 -0.103926
-3.273749 -0.098331
-3.267057 -0.092728
-3.260370 -0.087117
-3.253689 -0.081498
-3.247013 -0.075871
-3.240343 -0.070235
-3.233679 -0.064592
-3.227019 -0.058940
-3.220364 -0.053280
-3.213715 -0.047611
-3.207070 -0.041934
-3.200430 -0.036249
-3.193794 -0.030555
-3.187163 -0.024852
-3.180535 -0.019141
-3.173912 -0.013421
-3.167293 -0.007692
-3.160677 -0.001954
-3.154065 0.003792
-3.147457 0.009548
-3.140851 0.015313
-3.134249 0.021086
-3.127649 0.026869
-3.121052 0.032661
-3.114457 0.038462
-3.107865 0.044273
-3.101274 0.050093
-3.094685 0.055922
-3.088097 0.061761
-3.081511 0.067610
-3.074926 0.073469
-3.068341 0.079337
-3.061757 0.085215
-3.055173 0.091103
-3.048589 0.097001
-3.042004 0.102909
-3.035419 0.108827
-3.028832 0.114756
-3.022245 0.120695
-3.015655 0.126644
-3.009064 0.132604
-3.002470 0.138574
-2.995874 0.144555
-2.989274 0.150547
-2.982671 0.156550
-2.976064 0.162564
-2.969453 0.168589
-2.962837 0.174624
-2.956216 0.180672
-2.949590 0.186730
-2.942958 0.192800
-2.936319 0.198882
-2.929673 0.204975
-2.923020 0.211080
-2.916359 0.217197
-2.909689 0.223326
-2.903011 0.229468
-2.896323 0.235621
-2.889625 0.241787
-2.882917 0.247965
-2.876197 0.254155
-2.869466 0.260359
-2.862722 0.266575
-2.855965 0.272804
-2.849195 0.279047
-2.842410 0.285302
-2.835611 0.291571
-2.828795 0.297853
-2.821963 0.304149
-2.815114 0.310459
-2.808247 0.316782
-2.801362 0.323120
-2.794457 0.329472
-2.787531 0.335838
-2.780585 0.342218
-2.773617 0.348613
-2.766626 0.355023
-2.759611 0.361447
-2.752571 0.367887
-2.745506 0.374342
-2.738415 0.380812
-2.731296 0.387298
-2.724148 0.393799
-2.716971 0.400316
-2.709763 0.406849
-2.702524 0.413398
-2.695252 0.419963
-2.687946 0.426545
-2.680606 0.433143
-2.673229 0.439758
-2.665814 0.446390
-2.658361 0.453039
-2.650868 0.459705
-2.643334 0.466389
-2.635758 0.473090
-2.628138 0.479809
-2.620472 0.486545
-2.612761 0.493300
-2.605001 0.500073
-2.597192 0.506864
-2.589331 0.513673
-2.581419 0.520501
-2.573453 0.527348
-2.565431 0.534213
-2.557352 0.541098
-2.549214 0.548001
-2.541016 0.554924
-2.532756 0.561867
-2.524432 0.568828
-2.516043 0.575810
-2.507586 0.582811
-2.499060 0.589832
-2.490464 0.596873
-2.481794 0.603933
-2.473050 0.611014
-2.464229 0.618115
-2.455329 0.625236
-2.446349 0.632378
-2.437286 0.639539
-2.428138 0.646721
-2.418903 0.653924
-2.409580 0.661146
-2.400165 0.668389
-2.390657 0.675653
-2.381053 0.682936
-2.371352 0.690240
-2.361551 0.697563
-2.351648 0.704907
-2.341640 0.712271
-2.331525 0.719654
-2.321301 0.727057
-2.310965 0.734480
-2.300515 0.741922
-2.289949 0.749382
-2.279264 0.756862
-2.268457 0.764360
-2.257527 0.771877
-2.246470 0.779411
-2.235284 0.786963
-2.223967 0.794532
-2.212516 0.802118
-2.200928 0.809720
-2.189202 0.817338
-2.177334 0.824971
-2.165322 0.832620
-2.153163 0.840282
-2.140855 0.847958
-2.128395 0.855647
-2.115781 0.863348
-2.103011 0.871060
-2.090081 0.878783
-2.076989 0.886516
-2.063733 0.894258
-2.050310 0.902008
-2.036718 0.909765
-2.022955 0.917528
-2.009018 0.925296
-1.994904 0.933068
-1.980612 0.940843
-1.966140 0.948619
-1.951484 0.956395
-1.936643 0.964171
-1.921616 0.971943
-1.906399 0.979712
-1.890991 0.987476
-1.875389 0.995232
-1.859593 1.002980
-1.843601 1.010718
-1.827410 1.018444
-1.811020 1.026157
-1.794428 1.033854
-1.777633 1.041534
-1.760635 1.049195
-1.743431 1.056834
-1.726022 1.064451
-1.708405 1.072042
-1.690580 1.079606
-1.672547 1.087141
-1.654304 1.094644
-1.635851 1.102113
-1.617189 1.109547
-1.598316 1.116941
-1.579233 1.124295
-1.559940 1.131606
-1.540437 1.138871
-1.520725 1.146088
-1.500804 1.153255
-1.480675 1.160369
-1.460339 1.167427
-1.439796 1.174427
-1.419049 1.181366
-1.398098 1.188243
-1.376946 1.195053
-1.355593 1.201796
-1.334043 1.208467
-1.312296 1.215065
-1.290356 1.221588
-1.268225 1.228032
-1.245905 1.234395
-1.223400 1.240674
-1.200712 1.246868
-1.177844 1.252974
-1.154801 1.258989
-1.131585 1.264911
-1.108200 1.270738
-1.084651 1.276467
-1.060941 1.282097
-1.037074 1.287625
-1.013055 1.293049
-0.988889 1.298368
-0.964580 1.303579
-0.940132 1.308681
-0.915552 1.313671
-0.890843 1.318549
-0.866012 1.323312
-0.841064 1.327960
-0.816003 1.332491
-0.790837 1.336903
-0.765569 1.341195
-0.740207 1.345367
-0.714756 1.349417
-0.689222 1.353345
-0.663611 1.357150
-0.637930 1.360830
-0.612183 1.364387
-0.586378 1.367819
-0.560521 1.371126
-0.534618 1.374308
-0.508675 1.377365
-0.482698 1.380297
-0.456694 1.383104
-0.430670 1.385786
-0.404631 1.388344
-0.378584 1.390779
-0.352534 1.393090
-0.326489 1.395280
-0.300454 1.397348
-0.274435 1.399295
-0.248439 1.401124
-0.222471 1.402834
-0.196537 1.404427
-0.170643 1.405904
-0.144796 1.407267
-0.118999 1.408517
-0.093259 1.409657
-0.067582 1.410686
-0.041972 1.411608
-0.016435 1.412424
0.009024 1.413136
0.034400 1.413746
0.059689 1.414256
0.084885 1.414667
0.109985 1.414982
0.134983 1.415204
0.159877 1.415333
0.184660 1.415373
0.209331 1.415326
0.233884 1.415193
0.258316 1.414978
0.282624 1.414682
0.306804 1.414307
0.330854 1.413857
0.354769 1.413333
0.378548 1.412738
0.402187 1.412074
0.425684 1.411343
0.449037 1.410547
0.472243 1.409690
0.495300 1.408772
0.518207 1.407797
0.540961 1.406767
0.563560 1.405684
0.586004 1.404549
0.608290 1.403366
0.630419 1.402136
0.652387 1.400862
0.674195 1.399545
0.695842 1.398187
0.717326 1.396792
0.738648 1.395359
0.759806 1.393892
0.780801 1.392393
0.801631 1.390862
0.822298 1.389303
0.842801 1.387716
0.863139 1.386104
0.883314 1.384467
0.903325 1.382809
0.923173 1.381129
0.942858 1.379431
0.962380 1.377714
0.981741 1.375982
1.000940 1.374234
1.019980 1.372473
1.038860 1.370700
1.057581 1.368915
1.076144 1.367122
1.094551 1.365319
1.112802 1.363509
1.130899 1.361693
1.148843 1.359871
1.166634 1.358045
1.184275 1.356216
1.201767 1.354385
1.219110 1.352551
1.236307 1.350718
1.253358 1.348884
1.270266 1.347052
1.287031 1.345221
1.303656 1.343393
1.320142 1.341568
1.336490 1.339746
1.352702 1.337929
1.368779 1.336117
1.384724 1.334310
1.400538 1.332510
1.416223 1.330715
1.431779 1.328928
1.447210 1.327149
1.462516 1.325377
1.477699 1.323613
1.492762 1.321859
1.507705 1.320113
1.522530 1.318376
1.537240 1.316649
1.551836 1.314932
1.566319 1.313225
1.580691 1.311528
1.594954 1.309842
1.609110 1.308167
1.623160 1.306503
1.637106 1.304851
1.650949 1.303209
1.664692 1.301579
1.678335 1.299961
1.691882 1.298354
1.705332 1.296760
1.718688 1.295177
1.731952 1.293607
1.745124 1.292049
1.758207 1.290502
1.771202 1.288969
1.784110 1.287447
1.796934 1.285938
1.809674 1.284441
1.822333 1.282957
1.834910 1.281485
1.847410 1.280026
1.859831 1.278579
1.872176 1.277144
1.884447 1.275722
1.896645 1.274313
1.908770 1.272915
1.920825 1.271531
1.932811 1.270158
1.944729 1.268798
1.956580 1.267450
1.968366 1.266114
1.980087 1.264791
1.991746 1.263479
2.003344 1.262180
2.014881 1.260893
2.026358 1.259617
2.037778 1.258354
2.049141 1.257103
2.060448 1.255863
2.071701 1.254635
2.082900 1.253419
2.094046 1.252214
2.105141 1.251021
2.116186 1.249839
2.127182 1.248669
2.138129 1.247510
2.149029 1.246362
2.159883 1.245226
2.170691 1.244100
2.181455 1.242986
2.192176 1.241883
2.202854 1.240790
2.213490 1.239709
2.224086 1.238638
2.234641 1.237578
2.245158 1.236528
2.255636 1.235489
2.266078 1.234461
2.276482 1.233442
2.286851 1.232435
2.297184 1.231437
2.307484 1.230449
2.317750 1.229472
2.327983 1.228505
2.338184 1.227548
2.348354 1.226600
2.358493 1.225663
2.368602 1.224735
2.378682 1.223817
2.388733 1.222908
2.398756 1.222009
2.408752 1.221120
2.418721 1.220240
2.428664 1.219369
2.438582 1.218508
2.448474 1.217656
2.458342 1.216813
2.468186 1.215979
2.478007 1.215154
2.487805 1.214338
2.497581 1.213531
2.507336 1.212734
2.517069 1.211944
2.526781 1.211164
2.536473 1.210392
2.546145 1.209629
2.555798 1.208875
2.565433 1.208129
2.575049 1.207392
2.584647 1.206663
2.594227 1.205943
2.603791 1.205230
2.613337 1.204526
2.622868 1.203831
2.632382 1.203143
2.641882 1.202464
2.651366 1.201793
2.660835 1.201130
2.670290 1.200474
2.679731 1.199827
2.689158 1.199188
2.698573 1.198556
2.707974 1.197933
2.717362 1.197317
2.726738 1.196709
2.736102 1.196108
2.745455 1.195515
2.754796 1.194930
2.764126 1.194353
2.773445 1.193783
2.782754 1.193220
2.792052 1.192665
2.801341 1.192117
2.810619 1.191577
2.819889 1.191044
2.829149 1.190518
2.838400 1.189999
2.847643 1.189488
2.856877 1.188984
2.866102 1.188487
2.875320 1.187997
2.884530 1.187515
2.893733 1.187039
2.902928 1.186570
2.912116 1.186109
2.921297 1.185654
2.930472 1.185206
2.939640 1.184766
2.948801 1.184332
2.957957 1.183904
2.967106 1.183484
2.976250 1.183070
2.985388 1.182664
2.994521 1.182263
3.003648 1.181870
3.012771 1.181483
3.021888 1.181103
3.031001 1.180729
3.040109 1.180362
3.049212 1.180002
3.058312 1.179648
3.067407 1.179300
3.076498 1.178959
3.085585 1.178624
3.094669 1.178296
3.103749 1.177974
3.112825 1.177659
3.121898 1.177350
3.130968 1.177047
3.140035 1.176750
3.149098 1.176460
3.158159 1.176176
3.167217 1.175898
3.176272 1.175626
3.185325 1.175361
3.194376 1.175101
3.203424 1.174848
3.212470 1.174601
3.221513 1.174360
3.230555 1.174124
3.239595 1.173895
3.248632 1.173672
3.257669 1.173455
3.266703 1.173244
3.275736 1.173039
3.284767 1.172839
3.293797 1.172646
3.302826 1.172458
3.311853 1.172276
3.320879 1.172100
3.329904 1.171930
3.338928 1.171766
3.347951 1.171607
3.356974 1.171454
3.365995 1.171307
3.375016 1.171166
3.384035 1.171030
3.393055 1.170900
3.402073 1.170775
3.411092 1.170657
3.420110 1.170543
3.429127 1.170436
3.438144 1.170334
3.447161 1.170237
3.456178 1.170146
3.465194 1.170060
3.474210 1.169980
3.483227 1.169906
3.492243 1.169837
3.501259 1.169773
3.510276 1.169714
3.519292 1.169662
3.528309 1.169614
3.537326 1.169572
3.546343 1.169535
3.555361 1.169503
3.564379 1.169477
3.573397 1.169456
3.582416 1.169441
3.591435 1.169430
3.600455 1.169425
3.609475 1.169425
3.618495 1.169430
3.627517 1.169441
3.636539 1.169456
3.645562 1.169477
3.654585 1.169503
3.663609 1.169534
3.672634 1.169570
3.681660 1.169611
3.690686 1.169657
3.699714 1.169709
3.708742 1.169765
3.717771 1.169826
3.726801 1.169893
3.735832 1.169964
3.744864 1.170040
3.753897 1.170121
3.762931 1.170207
3.771966 1.170299
3.781002 1.170394
3.790040 1.170495
3.799078 1.170601
3.808117 1.170712
3.817158 1.170827
3.826200 1.170947
3.835243 1.171072
3.844287 1.171202
3.853332 1.171337
3.862379 1.171476
3.871427 1.171621
3.880476 1.171769
3.889527 1.171923
3.898578 1.172081
3.907631 1.172244
3.916686 1.172412
3.925742 1.172584
3.934799 1.172761
3.943857 1.172943
3.952917 1.173129
3.961978 1.173320
3.971041 1.173516
3.980105 1.173716
3.989171 1.173920
3.998238 1.174129
4.007306 1.174343
4.016376 1.174561
4.025447 1.174784
4.034520 1.175011
4.043595 1.175243
4.052670 1.175479
4.061748 1.175719
4.070826 1.175964
4.079907 1.176214
4.088989 1.176467
4.098072 1.176726
4.107157 1.176988
4.116244 1.177255
4.125332 1.177526
4.134421 1.177802
4.143512 1.178082
4.152605 1.178366
4.161699 1.178655
4.170795 1.178948
4.179893 1.179245
4.188992 1.179546
4.198092 1.179852
4.207195 1.180162
4.216299 1.180476
4.225404 1.180794
4.234511 1.181116
4.243620 1.181443
4.252730 1.181774
4.261842 1.182109
4.270956 1.182448
4.280071 1.182791
4.289187 1.183139
4.298306 1.183490
4.307426 1.183846
4.316548 1.184205
4.325671 1.184569
4.334796 1.184937
4.343922 1.185309
4.353051 1.185684
4.362180 1.186064
4.371312 1.186448
4.380445 1.186836
4.389580 1.187228
4.398716 1.187624
4.407854 1.188023
4.416994 1.188427
4.426135 1.188835
4.435278 1.189246
4.444423 1.189662
4.453569 1.190081
4.462717 1.190505
4.471866 1.190932
4.481017 1.191363
4.490170 1.191797
4.499325 1.192236
4.508481 1.192679
4.517638 1.193125
4.526798 1.193575
4.535959 1.194029
4.545121 1.194487
4.554285 1.194948
4.563451 1.195414
4.572619 1.195883
4.581788 1.196355
4.590958 1.196832
4.600131 1.197312
4.609305 1.197796
4.618480 1.198283
4.627657 1.198775
4.636836 1.199269
4.646017 1.199768
4.655199 1.200270
4.664382 1.200776
4.673567 1.201286
4.682754 1.201799
4.691943 1.202315
4.701133 1.202836
4.710324 1.203360
4.719517 1.203887
4.728712 1.204418
4.737908 1.204953
4.747106 1.205491
4.756306 1.206032
4.765507 1.206578
4.774710 1.207126
4.783914 1.207678
4.793120 1.208234
4.802327 1.208793
4.811536 1.209356
4.820746 1.209922
4.829958 1.210491
4.839172 1.211064
4.848387 1.211641
4.857604 1.212221
4.866822 1.212804
4.876042 1.213390
4.885263 1.213980
4.894486 1.214574
4.903710 1.215170
4.912936 1.215771
4.922163 1.216374
4.931392 1.216981
4.940622 1.217591
4.949854 1.218204
4.959088 1.218821
4.968323 1.219441
4.977559 1.220064
4.986797 1.220691
4.996036 1.221321
