# circle in zeta-plane case 3
# xi0 = 0, eta0 = 0.3, r = 1.04403
# xi   eta   xi/a   eta/a
1.044031 0.300000 1.044031 0.300000
1.043991 0.309111 1.043991 0.309111
1.043872 0.318221 1.043872 0.318221
1.043673 0.327330 1.043673 0.327330
1.043395 0.336436 1.043395 0.336436
1.043037 0.345540 1.043037 0.345540
1.042600 0.354640 1.042600 0.354640
1.042083 0.363737 1.042083 0.363737
1.041487 0.372828 1.041487 0.372828
1.040812 0.381914 1.040812 0.381914
1.040058 0.390993 1.040058 0.390993
1.039224 0.400066 1.039224 0.400066
1.038311 0.409131 1.038311 0.409131
1.037319 0.418188 1.037319 0.418188
1.036249 0.427235 1.036249 0.427235
1.035099 0.436273 1.035099 0.436273
1.033870 0.445301 1.033870 0.445301
1.032563 0.454318 1.032563 0.454318
1.031177 0.463322 1.031177 0.463322
1.029712 0.472315 1.029712 0.472315
1.028169 0.481294 1.028169 0.481294
1.026548 0.490259 1.026548 0.490259
1.024849 0.499210 1.024849 0.499210
1.023071 0.508146 1.023071 0.508146
1.021216 0.517066 1.021216 0.517066
1.019283 0.525970 1.019283 0.525970
1.017272 0.534856 1.017272 0.534856
1.015184 0.543724 1.015184 0.543724
1.013018 0.552574 1.013018 0.552574
1.010776 0.561404 1.010776 0.561404
1.008456 0.570215 1.008456 0.570215
1.006060 0.579005 1.006060 0.579005
1.003587 0.587774 1.003587 0.587774
1.001037 0.596521 1.001037 0.596521
0.998411 0.605245 0.998411 0.605245
0.995710 0.613946 0.995710 0.613946
0.992932 0.622623 0.992932 0.622623
0.990079 0.631276 0.990079 0.631276
0.987150 0.639903 0.987150 0.639903
0.984147 0.648505 0.984147 0.648505
0.981068 0.657080 0.981068 0.657080
0.977914 0.665627 0.977914 0.665627
0.974687 0.674147 0.974687 0.674147
0.971384 0.682639 0.971384 0.682639
0.968008 0.691101 0.968008 0.691101
0.964559 0.699533 0.964559 0.699533
0.961035 0.707935 0.961035 0.707935
0.957439 0.716306 0.957439 0.716306
0.953769 0.724646 0.953769 0.724646
0.950027 0.732952 0.950027 0.732952
0.946213 0.741226 0.946213 0.741226
0.942327 0.749467 0.942327 0.749467
0.938369 0.757673 0.938369 0.757673
0.934339 0.765844 0.934339 0.765844
0.930238 0.773980 0.930238 0.773980
0.926066 0.782080 0.926066 0.782080
0.921824 0.790143 0.921824 0.790143
0.917512 0.798168 0.917512 0.798168
0.913130 0.806156 0.913130 0.806156
0.908678 0.814105 0.908678 0.814105
0.904157 0.822015 0.904157 0.822015
0.899567 0.829886 0.899567 0.829886
0.894909 0.837716 0.894909 0.837716
0.890182 0.845505 0.890182 0.845505
0.885388 0.853252 0.885388 0.853252
0.880527 0.860957 0.880527 0.860957
0.875598 0.868620 0.875598 0.868620
0.870602 0.876239 0.870602 0.876239
0.865541 0.883815 0.865541 0.883815
0.860413 0.891345 0.860413 0.891345
0.855220 0.898831 0.855220 0.898831
0.849962 0.906272 0.849962 0.906272
0.844639 0.913666 0.844639 0.913666
0.839251 0.921013 0.839251 0.921013
0.833800 0.928313 0.833800 0.928313
0.828285 0.935566 0.828285 0.935566
0.822707 0.942769 0.822707 0.942769
0.817067 0.949924 0.817067 0.949924
0.811364 0.957030 0.811364 0.957030
0.805600 0.964085 0.805600 0.964085
0.799774 0.971090 0.799774 0.971090
0.793887 0.978044 0.793887 0.978044
0.787940 0.984946 0.787940 0.984946
0.781933 0.991796 0.781933 0.991796
0.775866 0.998593 0.775866 0.998593
0.769740 1.005337 0.769740 1.005337
0.763556 1.012027 0.763556 1.012027
0.757313 1.018663 0.757313 1.018663
0.751013 1.025245 0.751013 1.025245
0.744655 1.031771 0.744655 1.031771
0.738241 1.038241 0.738241 1.038241
0.731771 1.044655 0.731771 1.044655
0.725245 1.051013 0.725245 1.051013
0.718663 1.057313 0.718663 1.057313
0.712027 1.063556 0.712027 1.063556
0.705337 1.069740 0.705337 1.069740
0.698593 1.075866 0.698593 1.075866
0.691796 1.081933 0.691796 1.081933
0.684946 1.087940 0.684946 1.087940
0.678044 1.093887 0.678044 1.093887
0.671090 1.099774 0.671090 1.099774
0.664085 1.105600 0.664085 1.105600
0.657030 1.111364 0.657030 1.111364
0.649924 1.117067 0.649924 1.117067
0.642769 1.122707 0.642769 1.122707
0.635566 1.128285 0.635566 1.128285
0.628313 1.133800 0.628313 1.133800
0.621013 1.139251 0.621013 1.139251
0.613666 1.144639 0.613666 1.144639
0.606272 1.149962 0.606272 1.149962
0.598831 1.155220 0.598831 1.155220
0.591345 1.160413 0.591345 1.160413
0.583815 1.165541 0.583815 1.165541
0.576239 1.170602 0.576239 1.170602
0.568620 1.175598 0.568620 1.175598
0.560957 1.180527 0.560957 1.180527
0.553252 1.185388 0.553252 1.185388
0.545505 1.190182 0.545505 1.190182
0.537716 1.194909 0.537716 1.194909
0.529886 1.199567 0.529886 1.199567
0.522015 1.204157 0.522015 1.204157
0.514105 1.208678 0.514105 1.208678
0.506156 1.213130 0.506156 1.213130
0.498168 1.217512 0.498168 1.217512
0.490143 1.221824 0.490143 1.221824
0.482080 1.226066 0.482080 1.226066
0.473980 1.230238 0.473980 1.230238
0.465844 1.234339 0.465844 1.234339
0.457673 1.238369 0.457673 1.238369
0.449467 1.242327 0.449467 1.242327
0.441226 1.246213 0.441226 1.246213
0.432952 1.250027 0.432952 1.250027
0.424646 1.253769 0.424646 1.253769
0.416306 1.257439 0.416306 1.257439
0.407935 1.261035 0.407935 1.261035
0.399533 1.264559 0.399533 1.264559
0.391101 1.268008 0.391101 1.268008
0.382639 1.271384 0.382639 1.271384
0.374147 1.274687 0.374147 1.274687
0.365627 1.277914 0.365627 1.277914
0.357080 1.281068 0.357080 1.281068
0.348505 1.284147 0.348505 1.284147
0.339903 1.287150 0.339903 1.287150
0.331276 1.290079 0.331276 1.290079
0.322623 1.292932 0.322623 1.292932
0.313946 1.295710 0.313946 1.295710
0.305245 1.298411 0.305245 1.298411
0.296521 1.301037 0.296521 1.301037
0.287774 1.303587 0.287774 1.303587
0.279005 1.306060 0.279005 1.306060
0.270215 1.308456 0.270215 1.308456
0.261404 1.310776 0.261404 1.310776
0.252574 1.313018 0.252574 1.313018
0.243724 1.315184 0.243724 1.315184
0.234856 1.317272 0.234856 1.317272
0.225970 1.319283 0.225970 1.319283
0.217066 1.321216 0.217066 1.321216
0.208146 1.323071 0.208146 1.323071
0.199210 1.324849 0.199210 1.324849
0.190259 1.326548 0.190259 1.326548
0.181294 1.328169 0.181294 1.328169
0.172315 1.329712 0.172315 1.329712
0.163322 1.331177 0.163322 1.331177
0.154318 1.332563 0.154318 1.332563
0.145301 1.333870 0.145301 1.333870
0.136273 1.335099 0.136273 1.335099
0.127235 1.336249 0.127235 1.336249
0.118188 1.337319 0.118188 1.337319
0.109131 1.338311 0.109131 1.338311
0.100066 1.339224 0.100066 1.339224
0.090993 1.340058 0.090993 1.340058
0.081914 1.340812 0.081914 1.340812
0.072828 1.341487 0.072828 1.341487
0.063737 1.342083 0.063737 1.342083
0.054640 1.342600 0.054640 1.342600
0.045540 1.343037 0.045540 1.343037
0.036436 1.343395 0.036436 1.343395
0.027330 1.343673 0.027330 1.343673
0.018221 1.343872 0.018221 1.343872
0.009111 1.343991 0.009111 1.343991
0.000000 1.344031 0.000000 1.344031
-0.009111 1.343991 -0.009111 1.343991
-0.018221 1.343872 -0.018221 1.343872
-0.027330 1.343673 -0.027330 1.343673
-0.036436 1.343395 -0.036436 1.343395
-0.045540 1.343037 -0.045540 1.343037
-0.054640 1.342600 -0.054640 1.342600
-0.063737 1.342083 -0.063737 1.342083
-0.072828 1.341487 -0.072828 1.341487
-0.081914 1.340812 -0.081914 1.340812
-0.090993 1.340058 -0.090993 1.340058
-0.100066 1.339224 -0.100066 1.339224
-0.109131 1.338311 -0.109131 1.338311
-0.118188 1.337319 -0.118188 1.337319
-0.127235 1.336249 -0.127235 1.336249
-0.136273 1.335099 -0.136273 1.335099
-0.145301 1.333870 -0.145301 1.333870
-0.154318 1.332563 -0.154318 1.332563
-0.163322 1.331177 -0.163322 1.331177
-0.172315 1.329712 -0.172315 1.329712
-0.181294 1.328169 -0.181294 1.328169
-0.190259 1.326548 -0.190259 1.326548
-0.199210 1.324849 -0.199210 1.324849
-0.208146 1.323071 -0.208146 1.323071
-0.217066 1.321216 -0.217066 1.321216
-0.225970 1.319283 -0.225970 1.319283
-0.234856 1.317272 -0.234856 1.317272
-0.243724 1.315184 -0.243724 1.315184
-0.252574 1.313018 -0.252574 1.313018
-0.261404 1.310776 -0.261404 1.310776
-0.270215 1.308456 -0.270215 1.308456
-0.279005 1.306060 -0.279005 1.306060
-0.287774 1.303587 -0.287774 1.303587
-0.296521 1.301037 -0.296521 1.301037
-0.305245 1.298411 -0.305245 1.298411
-0.313946 1.295710 -0.313946 1.295710
-0.322623 1.292932 -0.322623 1.292932
-0.331276 1.290079 -0.331276 1.290079
-0.339903 1.287150 -0.339903 1.287150
-0.348505 1.284147 -0.348505 1.284147
-0.357080 1.281068 -0.357080 1.281068
-0.365627 1.277914 -0.365627 1.277914
-0.374147 1.274687 -0.374147 1.274687
-0.382639 1.271384 -0.382639 1.271384
-0.391101 1.268008 -0.391101 1.268008
-0.399533 1.264559 -0.399533 1.264559
-0.407935 1.261035 -0.407935 1.261035
-0.416306 1.257439 -0.416306 1.257439
-0.424646 1.253769 -0.424646 1.253769
-0.432952 1.250027 -0.432952 1.250027
-0.441226 1.246213 -0.441226 1.246213
-0.449467 1.242327 -0.449467 1.242327
-0.457673 1.238369 -0.457673 1.238369
-0.465844 1.234339 -0.465844 1.234339
-0.473980 1.230238 -0.473980 1.230238
-0.482080 1.226066 -0.482080 1.226066
-0.490143 1.221824 -0.490143 1.221824
-0.498168 1.217512 -0.498168 1.217512
-0.506156 1.213130 -0.506156 1.213130
-0.514105 1.208678 -0.514105 1.208678
-0.522015 1.204157 -0.522015 1.204157
-0.529886 1.199567 -0.529886 1.199567
-0.537716 1.194909 -0.537716 1.194909
-0.545505 1.190182 -0.545505 1.190182
-0.553252 1.185388 -0.553252 1.185388
-0.560957 1.180527 -0.560957 1.180527
-0.568620 1.175598 -0.568620 1.175598
-0.576239 1.170602 -0.576239 1.170602
-0.583815 1.165541 -0.583815 1.165541
-0.591345 1.160413 -0.591345 1.160413
-0.598831 1.155220 -0.598831 1.155220
-0.606272 1.149962 -0.606272 1.149962
-0.613666 1.144639 -0.613666 1.144639
-0.621013 1.139251 -0.621013 1.139251
-0.628313 1.133800 -0.628313 1.133800
-0.635566 1.128285 -0.635566 1.128285
-0.642769 1.122707 -0.642769 1.122707
-0.649924 1.117067 -0.649924 1.117067
-0.657030 1.111364 -0.657030 1.111364
-0.664085 1.105600 -0.664085 1.105600
-0.671090 1.099774 -0.671090 1.099774
-0.678044 1.093887 -0.678044 1.093887
-0.684946 1.087940 -0.684946 1.087940
-0.691796 1.081933 -0.691796 1.081933
-0.698593 1.075866 -0.698593 1.075866
-0.705337 1.069740 -0.705337 1.069740
-0.712027 1.063556 -0.712027 1.063556
-0.718663 1.057313 -0.718663 1.057313
-0.725245 1.051013 -0.725245 1.051013
-0.731771 1.044655 -0.731771 1.044655
-0.738241 1.038241 -0.738241 1.038241
-0.744655 1.031771 -0.744655 1.031771
-0.751013 1.025245 -0.751013 1.025245
-0.757313 1.018663 -0.757313 1.018663
-0.763556 1.012027 -0.763556 1.012027
-0.769740 1.005337 -0.769740 1.005337
-0.775866 0.998593 -0.775866 0.998593
-0.781933 0.991796 -0.781933 0.991796
-0.787940 0.984946 -0.787940 0.984946
-0.793887 0.978044 -0.793887 0.978044
-0.799774 0.971090 -0.799774 0.971090
-0.805600 0.964085 -0.805600 0.964085
-0.811364 0.957030 -0.811364 0.957030
-0.817067 0.949924 -0.817067 0.949924
-0.822707 0.942769 -0.822707 0.942769
-0.828285 0.935566 -0.828285 0.935566
-0.833800 0.928313 -0.833800 0.928313
-0.839251 0.921013 -0.839251 0.921013
-0.844639 0.913666 -0.844639 0.913666
-0.849962 0.906272 -0.849962 0.906272
-0.855220 0.898831 -0.855220 0.898831
-0.860413 0.891345 -0.860413 0.891345
-0.865541 0.883815 -0.865541 0.883815
-0.870602 0.876239 -0.870602 0.876239
-0.875598 0.868620 -0.875598 0.868620
-0.880527 0.860957 -0.880527 0.860957
-0.885388 0.853252 -0.885388 0.853252
-0.890182 0.845505 -0.890182 0.845505
-0.894909 0.837716 -0.894909 0.837716
-0.899567 0.829886 -0.899567 0.829886
-0.904157 0.822015 -0.904157 0.822015
-0.908678 0.814105 -0.908678 0.814105
-0.913130 0.806156 -0.913130 0.806156
-0.917512 0.798168 -0.917512 0.798168
-0.921824 0.790143 -0.921824 0.790143
-0.926066 0.782080 -0.926066 0.782080
-0.930238 0.773980 -0.930238 0.773980
-0.934339 0.765844 -0.934339 0.765844
-0.938369 0.757673 -0.938369 0.757673
-0.942327 0.749467 -0.942327 0.749467
-0.946213 0.741226 -0.946213 0.741226
-0.950027 0.732952 -0.950027 0.732952
-0.953769 0.724646 -0.953769 0.724646
-0.957439 0.716306 -0.957439 0.716306
-0.961035 0.707935 -0.961035 0.707935
-0.964559 0.699533 -0.964559 0.699533
-0.968008 0.691101 -0.968008 0.691101
-0.971384 0.682639 -0.971384 0.682639
-0.974687 0.674147 -0.974687 0.674147
-0.977914 0.665627 -0.977914 0.665627
-0.981068 0.657080 -0.981068 0.657080
-0.984147 0.648505 -0.984147 0.648505
-0.987150 0.639903 -0.987150 0.639903
-0.990079 0.631276 -0.990079 0.631276
-0.992932 0.622623 -0.992932 0.622623
-0.995710 0.613946 -0.995710 0.613946
-0.998411 0.605245 -0.998411 0.605245
-1.001037 0.596521 -1.001037 0.596521
-1.003587 0.587774 -1.003587 0.587774
-1.006060 0.579005 -1.006060 0.579005
-1.008456 0.570215 -1.008456 0.570215
-1.010776 0.561404 -1.010776 0.561404
-1.013018 0.552574 -1.013018 0.552574
-1.015184 0.543724 -1.015184 0.543724
-1.017272 0.534856 -1.017272 0.534856
-1.019283 0.525970 -1.019283 0.525970
-1.021216 0.517066 -1.021216 0.517066
-1.023071 0.508146 -1.023071 0.508146
-1.024849 0.499210 -1.024849 0.499210
-1.026548 0.490259 -1.026548 0.490259
-1.028169 0.481294 -1.028169 0.481294
-1.029712 0.472315 -1.029712 0.472315
-1.031177 0.463322 -1.031177 0.463322
-1.032563 0.454318 -1.032563 0.454318
-1.033870 0.445301 -1.033870 0.445301
-1.035099 0.436273 -1.035099 0.436273
-1.036249 0.427235 -1.036249 0.427235
-1.037319 0.418188 -1.037319 0.418188
-1.038311 0.409131 -1.038311 0.409131
-1.039224 0.400066 -1.039224 0.400066
-1.040058 0.390993 -1.040058 0.390993
-1.040812 0.381914 -1.040812 0.381914
-1.041487 0.372828 -1.041487 0.372828
-1.042083 0.363737 -1.042083 0.363737
-1.042600 0.354640 -1.042600 0.354640
-1.043037 0.345540 -1.043037 0.345540
-1.043395 0.336436 -1.043395 0.336436
-1.043673 0.327330 -1.043673 0.327330
-1.043872 0.318221 -1.043872 0.318221
-1.043991 0.309111 -1.043991 0.309111
-1.044031 0.300000 -1.044031 0.300000
-1.043991 0.290889 -1.043991 0.290889
-1.043872 0.281779 -1.043872 0.281779
-1.043673 0.272670 -1.043673 0.272670
-1.043395 0.263564 -1.043395 0.263564
-1.043037 0.254460 -1.043037 0.254460
-1.042600 0.245360 -1.042600 0.245360
-1.042083 0.236263 -1.042083 0.236263
-1.041487 0.227172 -1.041487 0.227172
-1.040812 0.218086 -1.040812 0.218086
-1.040058 0.209007 -1.040058 0.209007
-1.039224 0.199934 -1.039224 0.199934
-1.038311 0.190869 -1.038311 0.190869
-1.037319 0.181812 -1.037319 0.181812
-1.036249 0.172765 -1.036249 0.172765
-1.035099 0.163727 -1.035099 0.163727
-1.033870 0.154699 -1.033870 0.154699
-1.032563 0.145682 -1.032563 0.145682
-1.031177 0.136678 -1.031177 0.136678
-1.029712 0.127685 -1.029712 0.127685
-1.028169 0.118706 -1.028169 0.118706
-1.026548 0.109741 -1.026548 0.109741
-1.024849 0.100790 -1.024849 0.100790
-1.023071 0.091854 -1.023071 0.091854
-1.021216 0.082934 -1.021216 0.082934
-1.019283 0.074030 -1.019283 0.074030
-1.017272 0.065144 -1.017272 0.065144
-1.015184 0.056276 -1.015184 0.056276
-1.013018 0.047426 -1.013018 0.047426
-1.010776 0.038596 -1.010776 0.038596
-1.008456 0.029785 -1.008456 0.029785
-1.006060 0.020995 -1.006060 0.020995
-1.003587 0.012226 -1.003587 0.012226
-1.001037 0.003479 -1.001037 0.003479
-0.998411 -0.005245 -0.998411 -0.005245
-0.995710 -0.013946 -0.995710 -0.013946
-0.992932 -0.022623 -0.992932 -0.022623
-0.990079 -0.031276 -0.990079 -0.031276
-0.987150 -0.039903 -0.987150 -0.039903
-0.984147 -0.048505 -0.984147 -0.048505
-0.981068 -0.057080 -0.981068 -0.057080
-0.977914 -0.065627 -0.977914 -0.065627
-0.974687 -0.074147 -0.974687 -0.074147
-0.971384 -0.082639 -0.971384 -0.082639
-0.968008 -0.091101 -0.968008 -0.091101
-0.964559 -0.099533 -0.964559 -0.099533
-0.961035 -0.107935 -0.961035 -0.107935
-0.957439 -0.116306 -0.957439 -0.116306
-0.953769 -0.124646 -0.953769 -0.124646
-0.950027 -0.132952 -0.950027 -0.132952
-0.946213 -0.141226 -0.946213 -0.141226
-0.942327 -0.149467 -0.942327 -0.149467
-0.938369 -0.157673 -0.938369 -0.157673
-0.934339 -0.165844 -0.934339 -0.165844
-0.930238 -0.173980 -0.930238 -0.173980
-0.926066 -0.182080 -0.926066 -0.182080
-0.921824 -0.190143 -0.921824 -0.190143
-0.917512 -0.198168 -0.917512 -0.198168
-0.913130 -0.206156 -0.913130 -0.206156
-0.908678 -0.214105 -0.908678 -0.214105
-0.904157 -0.222015 -0.904157 -0.222015
-0.899567 -0.229886 -0.899567 -0.229886
-0.894909 -0.237716 -0.894909 -0.237716
-0.890182 -0.245505 -0.890182 -0.245505
-0.885388 -0.253252 -0.885388 -0.253252
-0.880527 -0.260957 -0.880527 -0.260957
-0.875598 -0.268620 -0.875598 -0.268620
-0.870602 -0.276239 -0.870602 -0.276239
-0.865541 -0.283815 -0.865541 -0.283815
-0.860413 -0.291345 -0.860413 -0.291345
-0.855220 -0.298831 -0.855220 -0.298831
-0.849962 -0.306272 -0.849962 -0.306272
-0.844639 -0.313666 -0.844639 -0.313666
-0.839251 -0.321013 -0.839251 -0.321013
-0.833800 -0.328313 -0.833800 -0.328313
-0.828285 -0.335566 -0.828285 -0.335566
-0.822707 -0.342769 -0.822707 -0.342769
-0.817067 -0.349924 -0.817067 -0.349924
-0.811364 -0.357030 -0.811364 -0.357030
-0.805600 -0.364085 -0.805600 -0.364085
-0.799774 -0.371090 -0.799774 -0.371090
-0.793887 -0.378044 -0.793887 -0.378044
-0.787940 -0.384946 -0.787940 -0.384946
-0.781933 -0.391796 -0.781933 -0.391796
-0.775866 -0.398593 -0.775866 -0.398593
-0.769740 -0.405337 -0.769740 -0.405337
-0.763556 -0.412027 -0.763556 -0.412027
-0.757313 -0.418663 -0.757313 -0.418663
-0.751013 -0.425245 -0.751013 -0.425245
-0.744655 -0.431771 -0.744655 -0.431771
-0.738241 -0.438241 -0.738241 -0.438241
-0.731771 -0.444655 -0.731771 -0.444655
-0.725245 -0.451013 -0.725245 -0.451013
-0.718663 -0.457313 -0.718663 -0.457313
-0.712027 -0.463556 -0.712027 -0.463556
-0.705337 -0.469740 -0.705337 -0.469740
-0.698593 -0.475866 -0.698593 -0.475866
-0.691796 -0.481933 -0.691796 -0.481933
-0.684946 -0.487940 -0.684946 -0.487940
-0.678044 -0.493887 -0.678044 -0.493887
-0.671090 -0.499774 -0.671090 -0.499774
-0.664085 -0.505600 -0.664085 -0.505600
-0.657030 -0.511364 -0.657030 -0.511364
-0.649924 -0.517067 -0.649924 -0.517067
-0.642769 -0.522707 -0.642769 -0.522707
-0.635566 -0.528285 -0.635566 -0.528285
-0.628313 -0.533800 -0.628313 -0.533800
-0.621013 -0.539251 -0.621013 -0.539251
-0.613666 -0.544639 -0.613666 -0.544639
-0.606272 -0.549962 -0.606272 -0.549962
-0.598831 -0.555220 -0.598831 -0.555220
-0.591345 -0.560413 -0.591345 -0.560413
-0.583815 -0.565541 -0.583815 -0.565541
-0.576239 -0.570602 -0.576239 -0.570602
-0.568620 -0.575598 -0.568620 -0.575598
-0.560957 -0.580527 -0.560957 -0.580527
-0.553252 -0.585388 -0.553252 -0.585388
-0.545505 -0.590182 -0.545505 -0.590182
-0.537716 -0.594909 -0.537716 -0.594909
-0.529886 -0.599567 -0.529886 -0.599567
-0.522015 -0.604157 -0.522015 -0.604157
-0.514105 -0.608678 -0.514105 -0.608678
-0.506156 -0.613130 -0.506156 -0.613130
-0.498168 -0.617512 -0.498168 -0.617512
-0.490143 -0.621824 -0.490143 -0.621824
-0.482080 -0.626066 -0.482080 -0.626066
-0.473980 -0.630238 -0.473980 -0.630238
-0.465844 -0.634339 -0.465844 -0.634339
-0.457673 -0.638369 -0.457673 -0.638369
-0.449467 -0.642327 -0.449467 -0.642327
-0.441226 -0.646213 -0.441226 -0.646213
-0.432952 -0.650027 -0.432952 -0.650027
-0.424646 -0.653769 -0.424646 -0.653769
-0.416306 -0.657439 -0.416306 -0.657439
-0.407935 -0.661035 -0.407935 -0.661035
-0.399533 -0.664559 -0.399533 -0.664559
-0.391101 -0.668008 -0.391101 -0.668008
-0.382639 -0.671384 -0.382639 -0.671384
-0.374147 -0.674687 -0.374147 -0.674687
-0.365627 -0.677914 -0.365627 -0.677914
-0.357080 -0.681068 -0.357080 -0.681068
-0.348505 -0.684147 -0.348505 -0.684147
-0.339903 -0.687150 -0.339903 -0.687150
-0.331276 -0.690079 -0.331276 -0.690079
-0.322623 -0.692932 -0.322623 -0.692932
-0.313946 -0.695710 -0.313946 -0.695710
-0.305245 -0.698411 -0.305245 -0.698411
-0.296521 -0.701037 -0.296521 -0.701037
-0.287774 -0.703587 -0.287774 -0.703587
-0.279005 -0.706060 -0.279005 -0.706060
-0.270215 -0.708456 -0.270215 -0.708456
-0.261404 -0.710776 -0.261404 -0.710776
-0.252574 -0.713018 -0.252574 -0.713018
-0.243724 -0.715184 -0.243724 -0.715184
-0.234856 -0.717272 -0.234856 -0.717272
-0.225970 -0.719283 -0.225970 -0.719283
-0.217066 -0.721216 -0.217066 -0.721216
-0.208146 -0.723071 -0.208146 -0.723071
-0.199210 -0.724849 -0.199210 -0.724849
-0.190259 -0.726548 -0.190259 -0.726548
-0.181294 -0.728169 -0.181294 -0.728169
-0.172315 -0.729712 -0.172315 -0.729712
-0.163322 -0.731177 -0.163322 -0.731177
-0.154318 -0.732563 -0.154318 -0.732563
-0.145301 -0.733870 -0.145301 -0.733870
-0.136273 -0.735099 -0.136273 -0.735099
-0.127235 -0.736249 -0.127235 -0.736249
-0.118188 -0.737319 -0.118188 -0.737319
-0.109131 -0.738311 -0.109131 -0.738311
-0.100066 -0.739224 -0.100066 -0.739224
-0.090993 -0.740058 -0.090993 -0.740058
-0.081914 -0.740812 -0.081914 -0.740812
-0.072828 -0.741487 -0.072828 -0.741487
-0.063737 -0.742083 -0.063737 -0.742083
-0.054640 -0.742600 -0.054640 -0.742600
-0.045540 -0.743037 -0.045540 -0.743037
-0.036436 -0.743395 -0.036436 -0.743395
-0.027330 -0.743673 -0.027330 -0.743673
-0.018221 -0.743872 -0.018221 -0.743872
-0.009111 -0.743991 -0.009111 -0.743991
-0.000000 -0.744031 -0.000000 -0.744031
0.009111 -0.743991 0.009111 -0.743991
0.018221 -0.743872 0.018221 -0.743872
0.027330 -0.743673 0.027330 -0.743673
0.036436 -0.743395 0.036436 -0.743395
0.045540 -0.743037 0.045540 -0.743037
0.054640 -0.742600 0.054640 -0.742600
0.063737 -0.742083 0.063737 -0.742083
0.072828 -0.741487 0.072828 -0.741487
0.081914 -0.740812 0.081914 -0.740812
0.090993 -0.740058 0.090993 -0.740058
0.100066 -0.739224 0.100066 -0.739224
0.109131 -0.738311 0.109131 -0.738311
0.118188 -0.737319 0.118188 -0.737319
0.127235 -0.736249 0.127235 -0.736249
0.136273 -0.735099 0.136273 -0.735099
0.145301 -0.733870 0.145301 -0.733870
0.154318 -0.732563 0.154318 -0.732563
0.163322 -0.731177 0.163322 -0.731177
0.172315 -0.729712 0.172315 -0.729712
0.181294 -0.728169 0.181294 -0.728169
0.190259 -0.726548 0.190259 -0.726548
0.199210 -0.724849 0.199210 -0.724849
0.208146 -0.723071 0.208146 -0.723071
0.217066 -0.721216 0.217066 -0.721216
0.225970 -0.719283 0.225970 -0.719283
0.234856 -0.717272 0.234856 -0.717272
0.243724 -0.715184 0.243724 -0.715184
0.252574 -0.713018 0.252574 -0.713018
0.261404 -0.710776 0.261404 -0.710776
0.270215 -0.708456 0.270215 -0.708456
0.279005 -0.706060 0.279005 -0.706060
0.287774 -0.703587 0.287774 -0.703587
0.296521 -0.701037 0.296521 -0.701037
0.305245 -0.698411 0.305245 -0.698411
0.313946 -0.695710 0.313946 -0.695710
0.322623 -0.692932 0.322623 -0.692932
0.331276 -0.690079 0.331276 -0.690079
0.339903 -0.687150 0.339903 -0.687150
0.348505 -0.684147 0.348505 -0.684147
0.357080 -0.681068 0.357080 -0.681068
0.365627 -0.677914 0.365627 -0.677914
0.374147 -0.674687 0.374147 -0.674687
0.382639 -0.671384 0.382639 -0.671384
0.391101 -0.668008 0.391101 -0.668008
0.399533 -0.664559 0.399533 -0.664559
0.407935 -0.661035 0.407935 -0.661035
0.416306 -0.657439 0.416306 -0.657439
0.424646 -0.653769 0.424646 -0.653769
0.432952 -0.650027 0.432952 -0.650027
0.441226 -0.646213 0.441226 -0.646213
0.449467 -0.642327 0.449467 -0.642327
0.457673 -0.638369 0.457673 -0.638369
0.465844 -0.634339 0.465844 -0.634339
0.473980 -0.630238 0.473980 -0.630238
0.482080 -0.626066 0.482080 -0.626066
0.490143 -0.621824 0.490143 -0.621824
0.498168 -0.617512 0.498168 -0.617512
0.506156 -0.613130 0.506156 -0.613130
0.514105 -0.608678 0.514105 -0.608678
0.522015 -0.604157 0.522015 -0.604157
0.529886 -0.599567 0.529886 -0.599567
0.537716 -0.594909 0.537716 -0.594909
0.545505 -0.590182 0.545505 -0.590182
0.553252 -0.585388 0.553252 -0.585388
0.560957 -0.580527 0.560957 -0.580527
0.568620 -0.575598 0.568620 -0.575598
0.576239 -0.570602 0.576239 -0.570602
0.583815 -0.565541 0.583815 -0.565541
0.591345 -0.560413 0.591345 -0.560413
0.598831 -0.555220 0.598831 -0.555220
0.606272 -0.549962 0.606272 -0.549962
0.613666 -0.544639 0.613666 -0.544639
0.621013 -0.539251 0.621013 -0.539251
0.628313 -0.533800 0.628313 -0.533800
0.635566 -0.528285 0.635566 -0.528285
0.642769 -0.522707 0.642769 -0.522707
0.649924 -0.517067 0.649924 -0.517067
0.657030 -0.511364 0.657030 -0.511364
0.664085 -0.505600 0.664085 -0.505600
0.671090 -0.499774 0.671090 -0.499774
0.678044 -0.493887 0.678044 -0.493887
0.684946 -0.487940 0.684946 -0.487940
0.691796 -0.481933 0.691796 -0.481933
0.698593 -0.475866 0.698593 -0.475866
0.705337 -0.469740 0.705337 -0.469740
0.712027 -0.463556 0.712027 -0.463556
0.718663 -0.457313 0.718663 -0.457313
0.725245 -0.451013 0.725245 -0.451013
0.731771 -0.444655 0.731771 -0.444655
0.738241 -0.438241 0.738241 -0.438241
0.744655 -0.431771 0.744655 -0.431771
0.751013 -0.425245 0.751013 -0.425245
0.757313 -0.418663 0.757313 -0.418663
0.763556 -0.412027 0.763556 -0.412027
0.769740 -0.405337 0.769740 -0.405337
0.775866 -0.398593 0.775866 -0.398593
0.781933 -0.391796 0.781933 -0.391796
0.787940 -0.384946 0.787940 -0.384946
0.793887 -0.378044 0.793887 -0.378044
0.799774 -0.371090 0.799774 -0.371090
0.805600 -0.364085 0.805600 -0.364085
0.811364 -0.357030 0.811364 -0.357030
0.817067 -0.349924 0.817067 -0.349924
0.822707 -0.342769 0.822707 -0.342769
0.828285 -0.335566 0.828285 -0.335566
0.833800 -0.328313 0.833800 -0.328313
0.839251 -0.321013 0.839251 -0.321013
0.844639 -0.313666 0.844639 -0.313666
0.849962 -0.306272 0.849962 -0.306272
0.855220 -0.298831 0.855220 -0.298831
0.860413 -0.291345 0.860413 -0.291345
0.865541 -0.283815 0.865541 -0.283815
0.870602 -0.276239 0.870602 -0.276239
0.875598 -0.268620 0.875598 -0.268620
0.880527 -0.260957 0.880527 -0.260957
0.885388 -0.253252 0.885388 -0.253252
0.890182 -0.245505 0.890182 -0.245505
0.894909 -0.237716 0.894909 -0.237716
0.899567 -0.229886 0.899567 -0.229886
0.904157 -0.222015 0.904157 -0.222015
0.908678 -0.214105 0.908678 -0.214105
0.913130 -0.206156 0.913130 -0.206156
0.917512 -0.198168 0.917512 -0.198168
0.921824 -0.190143 0.921824 -0.190143
0.926066 -0.182080 0.926066 -0.182080
0.930238 -0.173980 0.930238 -0.173980
0.934339 -0.165844 0.934339 -0.165844
0.938369 -0.157673 0.938369 -0.157673
0.942327 -0.149467 0.942327 -0.149467
0.946213 -0.141226 0.946213 -0.141226
0.950027 -0.132952 0.950027 -0.132952
0.953769 -0.124646 0.953769 -0.124646
0.957439 -0.116306 0.957439 -0.116306
0.961035 -0.107935 0.961035 -0.107935
0.964559 -0.099533 0.964559 -0.099533
0.968008 -0.091101 0.968008 -0.091101
0.971384 -0.082639 0.971384 -0.082639
0.974687 -0.074147 0.974687 -0.074147
0.977914 -0.065627 0.977914 -0.065627
0.981068 -0.057080 0.981068 -0.057080
0.984147 -0.048505 0.984147 -0.048505
0.987150 -0.039903 0.987150 -0.039903
0.990079 -0.031276 0.990079 -0.031276
0.992932 -0.022623 0.992932 -0.022623
0.995710 -0.013946 0.995710 -0.013946
0.998411 -0.005245 0.998411 -0.005245
1.001037 0.003479 1.001037 0.003479
1.003587 0.012226 1.003587 0.012226
1.006060 0.020995 1.006060 0.020995
1.008456 0.029785 1.008456 0.029785
1.010776 0.038596 1.010776 0.038596
1.013018 0.047426 1.013018 0.047426
1.015184 0.056276 1.015184 0.056276
1.017272 0.065144 1.017272 0.065144
1.019283 0.074030 1.019283 0.074030
1.021216 0.082934 1.021216 0.082934
1.023071 0.091854 1.023071 0.091854
1.024849 0.100790 1.024849 0.100790
1.026548 0.109741 1.026548 0.109741
1.028169 0.118706 1.028169 0.118706
1.029712 0.127685 1.029712 0.127685
1.031177 0.136678 1.031177 0.136678
1.032563 0.145682 1.032563 0.145682
1.033870 0.154699 1.033870 0.154699
1.035099 0.163727 1.035099 0.163727
1.036249 0.172765 1.036249 0.172765
1.037319 0.181812 1.037319 0.181812
1.038311 0.190869 1.038311 0.190869
1.039224 0.199934 1.039224 0.199934
1.040058 0.209007 1.040058 0.209007
1.040812 0.218086 1.040812 0.218086
1.041487 0.227172 1.041487 0.227172
1.042083 0.236263 1.042083 0.236263
1.042600 0.245360 1.042600 0.245360
1.043037 0.254460 1.043037 0.254460
1.043395 0.263564 1.043395 0.263564
1.043673 0.272670 1.043673 0.272670
1.043872 0.281779 1.043872 0.281779
1.043991 0.290889 1.043991 0.290889
1.044031 0.300000 1.044031 0.300000
