# circle in zeta-plane case 9
# xi0 = -0.1, eta0 = 0.3, r = 1.14018
# xi   eta   xi/a   eta/a
1.040175 0.300000 1.040175 0.300000
1.040132 0.309950 1.040132 0.309950
1.040002 0.319899 1.040002 0.319899
1.039785 0.329846 1.039785 0.329846
1.039481 0.339792 1.039481 0.339792
1.039090 0.349734 1.039090 0.349734
1.038613 0.359672 1.038613 0.359672
1.038049 0.369606 1.038049 0.369606
1.037398 0.379535 1.037398 0.379535
1.036661 0.389457 1.036661 0.389457
1.035837 0.399373 1.035837 0.399373
1.034926 0.409281 1.034926 0.409281
1.033929 0.419181 1.033929 0.419181
1.032846 0.429072 1.032846 0.429072
1.031677 0.438952 1.031677 0.438952
1.030421 0.448823 1.030421 0.448823
1.029079 0.458682 1.029079 0.458682
1.027652 0.468529 1.027652 0.468529
1.026138 0.478363 1.026138 0.478363
1.024539 0.488183 1.024539 0.488183
1.022854 0.497989 1.022854 0.497989
1.021083 0.507780 1.021083 0.507780
1.019227 0.517556 1.019227 0.517556
1.017286 0.527314 1.017286 0.527314
1.015260 0.537056 1.015260 0.537056
1.013149 0.546779 1.013149 0.546779
1.010953 0.556484 1.010953 0.556484
1.008672 0.566169 1.008672 0.566169
1.006307 0.575833 1.006307 0.575833
1.003858 0.585477 1.003858 0.585477
1.001325 0.595099 1.001325 0.595099
0.998708 0.604699 0.998708 0.604699
0.996007 0.614275 0.996007 0.614275
0.993223 0.623827 0.993223 0.623827
0.990355 0.633355 0.990355 0.633355
0.987405 0.642857 0.987405 0.642857
0.984371 0.652334 0.984371 0.652334
0.981255 0.661783 0.981255 0.661783
0.978057 0.671205 0.978057 0.671205
0.974777 0.680598 0.974777 0.680598
0.971414 0.689963 0.971414 0.689963
0.967971 0.699298 0.967971 0.699298
0.964445 0.708602 0.964445 0.708602
0.960839 0.717876 0.960839 0.717876
0.957152 0.727117 0.957152 0.727117
0.953385 0.736326 0.953385 0.736326
0.949537 0.745502 0.949537 0.745502
0.945609 0.754644 0.945609 0.754644
0.941602 0.763751 0.941602 0.763751
0.937515 0.772823 0.937515 0.772823
0.933350 0.781859 0.933350 0.781859
0.929106 0.790858 0.929106 0.790858
0.924783 0.799820 0.924783 0.799820
0.920382 0.808744 0.920382 0.808744
0.915904 0.817629 0.915904 0.817629
0.911348 0.826474 0.911348 0.826474
0.906715 0.835280 0.906715 0.835280
0.902006 0.844045 0.902006 0.844045
0.897220 0.852768 0.897220 0.852768
0.892358 0.861449 0.892358 0.861449
0.887421 0.870088 0.887421 0.870088
0.882408 0.878683 0.882408 0.878683
0.877321 0.887234 0.877321 0.887234
0.872159 0.895740 0.872159 0.895740
0.866924 0.904201 0.866924 0.904201
0.861614 0.912616 0.861614 0.912616
0.856232 0.920984 0.856232 0.920984
0.850776 0.929305 0.850776 0.929305
0.845248 0.937578 0.845248 0.937578
0.839648 0.945802 0.839648 0.945802
0.833977 0.953978 0.833977 0.953978
0.828235 0.962103 0.828235 0.962103
0.822421 0.970178 0.822421 0.970178
0.816538 0.978202 0.816538 0.978202
0.810585 0.986175 0.810585 0.986175
0.804562 0.994095 0.804562 0.994095
0.798470 1.001962 0.798470 1.001962
0.792311 1.009776 0.792311 1.009776
0.786083 1.017536 0.786083 1.017536
0.779787 1.025241 0.779787 1.025241
0.773425 1.032891 0.773425 1.032891
0.766996 1.040485 0.766996 1.040485
0.760501 1.048022 0.760501 1.048022
0.753941 1.055503 0.753941 1.055503
0.747315 1.062926 0.747315 1.062926
0.740626 1.070291 0.740626 1.070291
0.733872 1.077598 0.733872 1.077598
0.727054 1.084845 0.727054 1.084845
0.720174 1.092032 0.720174 1.092032
0.713231 1.099160 0.713231 1.099160
0.706226 1.106226 0.706226 1.106226
0.699160 1.113231 0.699160 1.113231
0.692032 1.120174 0.692032 1.120174
0.684845 1.127054 0.684845 1.127054
0.677598 1.133872 0.677598 1.133872
0.670291 1.140626 0.670291 1.140626
0.662926 1.147315 0.662926 1.147315
0.655503 1.153941 0.655503 1.153941
0.648022 1.160501 0.648022 1.160501
0.640485 1.166996 0.640485 1.166996
0.632891 1.173425 0.632891 1.173425
0.625241 1.179787 0.625241 1.179787
0.617536 1.186083 0.617536 1.186083
0.609776 1.192311 0.609776 1.192311
0.601962 1.198470 0.601962 1.198470
0.594095 1.204562 0.594095 1.204562
0.586175 1.210585 0.586175 1.210585
0.578202 1.216538 0.578202 1.216538
0.570178 1.222421 0.570178 1.222421
0.562103 1.228235 0.562103 1.228235
0.553978 1.233977 0.553978 1.233977
0.545802 1.239648 0.545802 1.239648
0.537578 1.245248 0.537578 1.245248
0.529305 1.250776 0.529305 1.250776
0.520984 1.256232 0.520984 1.256232
0.512616 1.261614 0.512616 1.261614
0.504201 1.266924 0.504201 1.266924
0.495740 1.272159 0.495740 1.272159
0.487234 1.277321 0.487234 1.277321
0.478683 1.282408 0.478683 1.282408
0.470088 1.287421 0.470088 1.287421
0.461449 1.292358 0.461449 1.292358
0.452768 1.297220 0.452768 1.297220
0.444045 1.302006 0.444045 1.302006
0.435280 1.306715 0.435280 1.306715
0.426474 1.311348 0.426474 1.311348
0.417629 1.315904 0.417629 1.315904
0.408744 1.320382 0.408744 1.320382
0.399820 1.324783 0.399820 1.324783
0.390858 1.329106 0.390858 1.329106
0.381859 1.333350 0.381859 1.333350
0.372823 1.337515 0.372823 1.337515
0.363751 1.341602 0.363751 1.341602
0.354644 1.345609 0.354644 1.345609
0.345502 1.349537 0.345502 1.349537
0.336326 1.353385 0.336326 1.353385
0.327117 1.357152 0.327117 1.357152
0.317876 1.360839 0.317876 1.360839
0.308602 1.364445 0.308602 1.364445
0.299298 1.367971 0.299298 1.367971
0.289963 1.371414 0.289963 1.371414
0.280598 1.374777 0.280598 1.374777
0.271205 1.378057 0.271205 1.378057
0.261783 1.381255 0.261783 1.381255
0.252334 1.384371 0.252334 1.384371
0.242857 1.387405 0.242857 1.387405
0.233355 1.390355 0.233355 1.390355
0.223827 1.393223 0.223827 1.393223
0.214275 1.396007 0.214275 1.396007
0.204699 1.398708 0.204699 1.398708
0.195099 1.401325 0.195099 1.401325
0.185477 1.403858 0.185477 1.403858
0.175833 1.406307 0.175833 1.406307
0.166169 1.408672 0.166169 1.408672
0.156484 1.410953 0.156484 1.410953
0.146779 1.413149 0.146779 1.413149
0.137056 1.415260 0.137056 1.415260
0.127314 1.417286 0.127314 1.417286
0.117556 1.419227 0.117556 1.419227
0.107780 1.421083 0.107780 1.421083
0.097989 1.422854 0.097989 1.422854
0.088183 1.424539 0.088183 1.424539
0.078363 1.426138 0.078363 1.426138
0.068529 1.427652 0.068529 1.427652
0.058682 1.429079 0.058682 1.429079
0.048823 1.430421 0.048823 1.430421
0.038952 1.431677 0.038952 1.431677
0.029072 1.432846 0.029072 1.432846
0.019181 1.433929 0.019181 1.433929
0.009281 1.434926 0.009281 1.434926
-0.000627 1.435837 -0.000627 1.435837
-0.010543 1.436661 -0.010543 1.436661
-0.020465 1.437398 -0.020465 1.437398
-0.030394 1.438049 -0.030394 1.438049
-0.040328 1.438613 -0.040328 1.438613
-0.050266 1.439090 -0.050266 1.439090
-0.060208 1.439481 -0.060208 1.439481
-0.070154 1.439785 -0.070154 1.439785
-0.080101 1.440002 -0.080101 1.440002
-0.090050 1.440132 -0.090050 1.440132
-0.100000 1.440175 -0.100000 1.440175
-0.109950 1.440132 -0.109950 1.440132
-0.119899 1.440002 -0.119899 1.440002
-0.129846 1.439785 -0.129846 1.439785
-0.139792 1.439481 -0.139792 1.439481
-0.149734 1.439090 -0.149734 1.439090
-0.159672 1.438613 -0.159672 1.438613
-0.169606 1.438049 -0.169606 1.438049
-0.179535 1.437398 -0.179535 1.437398
-0.189457 1.436661 -0.189457 1.436661
-0.199373 1.435837 -0.199373 1.435837
-0.209281 1.434926 -0.209281 1.434926
-0.219181 1.433929 -0.219181 1.433929
-0.229072 1.432846 -0.229072 1.432846
-0.238952 1.431677 -0.238952 1.431677
-0.248823 1.430421 -0.248823 1.430421
-0.258682 1.429079 -0.258682 1.429079
-0.268529 1.427652 -0.268529 1.427652
-0.278363 1.426138 -0.278363 1.426138
-0.288183 1.424539 -0.288183 1.424539
-0.297989 1.422854 -0.297989 1.422854
-0.307780 1.421083 -0.307780 1.421083
-0.317556 1.419227 -0.317556 1.419227
-0.327314 1.417286 -0.327314 1.417286
-0.337056 1.415260 -0.337056 1.415260
-0.346779 1.413149 -0.346779 1.413149
-0.356484 1.410953 -0.356484 1.410953
-0.366169 1.408672 -0.366169 1.408672
-0.375833 1.406307 -0.375833 1.406307
-0.385477 1.403858 -0.385477 1.403858
-0.395099 1.401325 -0.395099 1.401325
-0.404699 1.398708 -0.404699 1.398708
-0.414275 1.396007 -0.414275 1.396007
-0.423827 1.393223 -0.423827 1.393223
-0.433355 1.390355 -0.433355 1.390355
-0.442857 1.387405 -0.442857 1.387405
-0.452334 1.384371 -0.452334 1.384371
-0.461783 1.381255 -0.461783 1.381255
-0.471205 1.378057 -0.471205 1.378057
-0.480598 1.374777 -0.480598 1.374777
-0.489963 1.371414 -0.489963 1.371414
-0.499298 1.367971 -0.499298 1.367971
-0.508602 1.364445 -0.508602 1.364445
-0.517876 1.360839 -0.517876 1.360839
-0.527117 1.357152 -0.527117 1.357152
-0.536326 1.353385 -0.536326 1.353385
-0.545502 1.349537 -0.545502 1.349537
-0.554644 1.345609 -0.554644 1.345609
-0.563751 1.341602 -0.563751 1.341602
-0.572823 1.337515 -0.572823 1.337515
-0.581859 1.333350 -0.581859 1.333350
-0.590858 1.329106 -0.590858 1.329106
-0.599820 1.324783 -0.599820 1.324783
-0.608744 1.320382 -0.608744 1.320382
-0.617629 1.315904 -0.617629 1.315904
-0.626474 1.311348 -0.626474 1.311348
-0.635280 1.306715 -0.635280 1.306715
-0.644045 1.302006 -0.644045 1.302006
-0.652768 1.297220 -0.652768 1.297220
-0.661449 1.292358 -0.661449 1.292358
-0.670088 1.287421 -0.670088 1.287421
-0.678683 1.282408 -0.678683 1.282408
-0.687234 1.277321 -0.687234 1.277321
-0.695740 1.272159 -0.695740 1.272159
-0.704201 1.266924 -0.704201 1.266924
-0.712616 1.261614 -0.712616 1.261614
-0.720984 1.256232 -0.720984 1.256232
-0.729305 1.250776 -0.729305 1.250776
-0.737578 1.245248 -0.737578 1.245248
-0.745802 1.239648 -0.745802 1.239648
-0.753978 1.233977 -0.753978 1.233977
-0.762103 1.228235 -0.762103 1.228235
-0.770178 1.222421 -0.770178 1.222421
-0.778202 1.216538 -0.778202 1.216538
-0.786175 1.210585 -0.786175 1.210585
-0.794095 1.204562 -0.794095 1.204562
-0.801962 1.198470 -0.801962 1.198470
-0.809776 1.192311 -0.809776 1.192311
-0.817536 1.186083 -0.817536 1.186083
-0.825241 1.179787 -0.825241 1.179787
-0.832891 1.173425 -0.832891 1.173425
-0.840485 1.166996 -0.840485 1.166996
-0.848022 1.160501 -0.848022 1.160501
-0.855503 1.153941 -0.855503 1.153941
-0.862926 1.147315 -0.862926 1.147315
-0.870291 1.140626 -0.870291 1.140626
-0.877598 1.133872 -0.877598 1.133872
-0.884845 1.127054 -0.884845 1.127054
-0.892032 1.120174 -0.892032 1.120174
-0.899160 1.113231 -0.899160 1.113231
-0.906226 1.106226 -0.906226 1.106226
-0.913231 1.099160 -0.913231 1.099160
-0.920174 1.092032 -0.920174 1.092032
-0.927054 1.084845 -0.927054 1.084845
-0.933872 1.077598 -0.933872 1.077598
-0.940626 1.070291 -0.940626 1.070291
-0.947315 1.062926 -0.947315 1.062926
-0.953941 1.055503 -0.953941 1.055503
-0.960501 1.048022 -0.960501 1.048022
-0.966996 1.040485 -0.966996 1.040485
-0.973425 1.032891 -0.973425 1.032891
-0.979787 1.025241 -0.979787 1.025241
-0.986083 1.017536 -0.986083 1.017536
-0.992311 1.009776 -0.992311 1.009776
-0.998470 1.001962 -0.998470 1.001962
-1.004562 0.994095 -1.004562 0.994095
-1.010585 0.986175 -1.010585 0.986175
-1.016538 0.978202 -1.016538 0.978202
-1.022421 0.970178 -1.022421 0.970178
-1.028235 0.962103 -1.028235 0.962103
-1.033977 0.953978 -1.033977 0.953978
-1.039648 0.945802 -1.039648 0.945802
-1.045248 0.937578 -1.045248 0.937578
-1.050776 0.929305 -1.050776 0.929305
-1.056232 0.920984 -1.056232 0.920984
-1.061614 0.912616 -1.061614 0.912616
-1.066924 0.904201 -1.066924 0.904201
-1.072159 0.895740 -1.072159 0.895740
-1.077321 0.887234 -1.077321 0.887234
-1.082408 0.878683 -1.082408 0.878683
-1.087421 0.870088 -1.087421 0.870088
-1.092358 0.861449 -1.092358 0.861449
-1.097220 0.852768 -1.097220 0.852768
-1.102006 0.844045 -1.102006 0.844045
-1.106715 0.835280 -1.106715 0.835280
-1.111348 0.826474 -1.111348 0.826474
-1.115904 0.817629 -1.115904 0.817629
-1.120382 0.808744 -1.120382 0.808744
-1.124783 0.799820 -1.124783 0.799820
-1.129106 0.790858 -1.129106 0.790858
-1.133350 0.781859 -1.133350 0.781859
-1.137515 0.772823 -1.137515 0.772823
-1.141602 0.763751 -1.141602 0.763751
-1.145609 0.754644 -1.145609 0.754644
-1.149537 0.745502 -1.149537 0.745502
-1.153385 0.736326 -1.153385 0.736326
-1.157152 0.727117 -1.157152 0.727117
-1.160839 0.717876 -1.160839 0.717876
-1.164445 0.708602 -1.164445 0.708602
-1.167971 0.699298 -1.167971 0.699298
-1.171414 0.689963 -1.171414 0.689963
-1.174777 0.680598 -1.174777 0.680598
-1.178057 0.671205 -1.178057 0.671205
-1.181255 0.661783 -1.181255 0.661783
-1.184371 0.652334 -1.184371 0.652334
-1.187405 0.642857 -1.187405 0.642857
-1.190355 0.633355 -1.190355 0.633355
-1.193223 0.623827 -1.193223 0.623827
-1.196007 0.614275 -1.196007 0.614275
-1.198708 0.604699 -1.198708 0.604699
-1.201325 0.595099 -1.201325 0.595099
-1.203858 0.585477 -1.203858 0.585477
-1.206307 0.575833 -1.206307 0.575833
-1.208672 0.566169 -1.208672 0.566169
-1.210953 0.556484 -1.210953 0.556484
-1.213149 0.546779 -1.213149 0.546779
-1.215260 0.537056 -1.215260 0.537056
-1.217286 0.527314 -1.217286 0.527314
-1.219227 0.517556 -1.219227 0.517556
-1.221083 0.507780 -1.221083 0.507780
-1.222854 0.497989 -1.222854 0.497989
-1.224539 0.488183 -1.224539 0.488183
-1.226138 0.478363 -1.226138 0.478363
-1.227652 0.468529 -1.227652 0.468529
-1.229079 0.458682 -1.229079 0.458682
-1.230421 0.448823 -1.230421 0.448823
-1.231677 0.438952 -1.231677 0.438952
-1.232846 0.429072 -1.232846 0.429072
-1.233929 0.419181 -1.233929 0.419181
-1.234926 0.409281 -1.234926 0.409281
-1.235837 0.399373 -1.235837 0.399373
-1.236661 0.389457 -1.236661 0.389457
-1.237398 0.379535 -1.237398 0.379535
-1.238049 0.369606 -1.238049 0.369606
-1.238613 0.359672 -1.238613 0.359672
-1.239090 0.349734 -1.239090 0.349734
-1.239481 0.339792 -1.239481 0.339792
-1.239785 0.329846 -1.239785 0.329846
-1.240002 0.319899 -1.240002 0.319899
-1.240132 0.309950 -1.240132 0.309950
-1.240175 0.300000 -1.240175 0.300000
-1.240132 0.290050 -1.240132 0.290050
-1.240002 0.280101 -1.240002 0.280101
-1.239785 0.270154 -1.239785 0.270154
-1.239481 0.260208 -1.239481 0.260208
-1.239090 0.250266 -1.239090 0.250266
-1.238613 0.240328 -1.238613 0.240328
-1.238049 0.230394 -1.238049 0.230394
-1.237398 0.220465 -1.237398 0.220465
-1.236661 0.210543 -1.236661 0.210543
-1.235837 0.200627 -1.235837 0.200627
-1.234926 0.190719 -1.234926 0.190719
-1.233929 0.180819 -1.233929 0.180819
-1.232846 0.170928 -1.232846 0.170928
-1.231677 0.161048 -1.231677 0.161048
-1.230421 0.151177 -1.230421 0.151177
-1.229079 0.141318 -1.229079 0.141318
-1.227652 0.131471 -1.227652 0.131471
-1.226138 0.121637 -1.226138 0.121637
-1.224539 0.111817 -1.224539 0.111817
-1.222854 0.102011 -1.222854 0.102011
-1.221083 0.092220 -1.221083 0.092220
-1.219227 0.082444 -1.219227 0.082444
-1.217286 0.072686 -1.217286 0.072686
-1.215260 0.062944 -1.215260 0.062944
-1.213149 0.053221 -1.213149 0.053221
-1.210953 0.043516 -1.210953 0.043516
-1.208672 0.033831 -1.208672 0.033831
-1.206307 0.024167 -1.206307 0.024167
-1.203858 0.014523 -1.203858 0.014523
-1.201325 0.004901 -1.201325 0.004901
-1.198708 -0.004699 -1.198708 -0.004699
-1.196007 -0.014275 -1.196007 -0.014275
-1.193223 -0.023827 -1.193223 -0.023827
-1.190355 -0.033355 -1.190355 -0.033355
-1.187405 -0.042857 -1.187405 -0.042857
-1.184371 -0.052334 -1.184371 -0.052334
-1.181255 -0.061783 -1.181255 -0.061783
-1.178057 -0.071205 -1.178057 -0.071205
-1.174777 -0.080598 -1.174777 -0.080598
-1.171414 -0.089963 -1.171414 -0.089963
-1.167971 -0.099298 -1.167971 -0.099298
-1.164445 -0.108602 -1.164445 -0.108602
-1.160839 -0.117876 -1.160839 -0.117876
-1.157152 -0.127117 -1.157152 -0.127117
-1.153385 -0.136326 -1.153385 -0.136326
-1.149537 -0.145502 -1.149537 -0.145502
-1.145609 -0.154644 -1.145609 -0.154644
-1.141602 -0.163751 -1.141602 -0.163751
-1.137515 -0.172823 -1.137515 -0.172823
-1.133350 -0.181859 -1.133350 -0.181859
-1.129106 -0.190858 -1.129106 -0.190858
-1.124783 -0.199820 -1.124783 -0.199820
-1.120382 -0.208744 -1.120382 -0.208744
-1.115904 -0.217629 -1.115904 -0.217629
-1.111348 -0.226474 -1.111348 -0.226474
-1.106715 -0.235280 -1.106715 -0.235280
-1.102006 -0.244045 -1.102006 -0.244045
-1.097220 -0.252768 -1.097220 -0.252768
-1.092358 -0.261449 -1.092358 -0.261449
-1.087421 -0.270088 -1.087421 -0.270088
-1.082408 -0.278683 -1.082408 -0.278683
-1.077321 -0.287234 -1.077321 -0.287234
-1.072159 -0.295740 -1.072159 -0.295740
-1.066924 -0.304201 -1.066924 -0.304201
-1.061614 -0.312616 -1.061614 -0.312616
-1.056232 -0.320984 -1.056232 -0.320984
-1.050776 -0.329305 -1.050776 -0.329305
-1.045248 -0.337578 -1.045248 -0.337578
-1.039648 -0.345802 -1.039648 -0.345802
-1.033977 -0.353978 -1.033977 -0.353978
-1.028235 -0.362103 -1.028235 -0.362103
-1.022421 -0.370178 -1.022421 -0.370178
-1.016538 -0.378202 -1.016538 -0.378202
-1.010585 -0.386175 -1.010585 -0.386175
-1.004562 -0.394095 -1.004562 -0.394095
-0.998470 -0.401962 -0.998470 -0.401962
-0.992311 -0.409776 -0.992311 -0.409776
-0.986083 -0.417536 -0.986083 -0.417536
-0.979787 -0.425241 -0.979787 -0.425241
-0.973425 -0.432891 -0.973425 -0.432891
-0.966996 -0.440485 -0.966996 -0.440485
-0.960501 -0.448022 -0.960501 -0.448022
-0.953941 -0.455503 -0.953941 -0.455503
-0.947315 -0.462926 -0.947315 -0.462926
-0.940626 -0.470291 -0.940626 -0.470291
-0.933872 -0.477598 -0.933872 -0.477598
-0.927054 -0.484845 -0.927054 -0.484845
-0.920174 -0.492032 -0.920174 -0.492032
-0.913231 -0.499160 -0.913231 -0.499160
-0.906226 -0.506226 -0.906226 -0.506226
-0.899160 -0.513231 -0.899160 -0.513231
-0.892032 -0.520174 -0.892032 -0.520174
-0.884845 -0.527054 -0.884845 -0.527054
-0.877598 -0.533872 -0.877598 -0.533872
-0.870291 -0.540626 -0.870291 -0.540626
-0.862926 -0.547315 -0.862926 -0.547315
-0.855503 -0.553941 -0.855503 -0.553941
-0.848022 -0.560501 -0.848022 -0.560501
-0.840485 -0.566996 -0.840485 -0.566996
-0.832891 -0.573425 -0.832891 -0.573425
-0.825241 -0.579787 -0.825241 -0.579787
-0.817536 -0.586083 -0.817536 -0.586083
-0.809776 -0.592311 -0.809776 -0.592311
-0.801962 -0.598470 -0.801962 -0.598470
-0.794095 -0.604562 -0.794095 -0.604562
-0.786175 -0.610585 -0.786175 -0.610585
-0.778202 -0.616538 -0.778202 -0.616538
-0.770178 -0.622421 -0.770178 -0.622421
-0.762103 -0.628235 -0.762103 -0.628235
-0.753978 -0.633977 -0.753978 -0.633977
-0.745802 -0.639648 -0.745802 -0.639648
-0.737578 -0.645248 -0.737578 -0.645248
-0.729305 -0.650776 -0.729305 -0.650776
-0.720984 -0.656232 -0.720984 -0.656232
-0.712616 -0.661614 -0.712616 -0.661614
-0.704201 -0.666924 -0.704201 -0.666924
-0.695740 -0.672159 -0.695740 -0.672159
-0.687234 -0.677321 -0.687234 -0.677321
-0.678683 -0.682408 -0.678683 -0.682408
-0.670088 -0.687421 -0.670088 -0.687421
-0.661449 -0.692358 -0.661449 -0.692358
-0.652768 -0.697220 -0.652768 -0.697220
-0.644045 -0.702006 -0.644045 -0.702006
-0.635280 -0.706715 -0.635280 -0.706715
-0.626474 -0.711348 -0.626474 -0.711348
-0.617629 -0.715904 -0.617629 -0.715904
-0.608744 -0.720382 -0.608744 -0.720382
-0.599820 -0.724783 -0.599820 -0.724783
-0.590858 -0.729106 -0.590858 -0.729106
-0.581859 -0.733350 -0.581859 -0.733350
-0.572823 -0.737515 -0.572823 -0.737515
-0.563751 -0.741602 -0.563751 -0.741602
-0.554644 -0.745609 -0.554644 -0.745609
-0.545502 -0.749537 -0.545502 -0.749537
-0.536326 -0.753385 -0.536326 -0.753385
-0.527117 -0.757152 -0.527117 -0.757152
-0.517876 -0.760839 -0.517876 -0.760839
-0.508602 -0.764445 -0.508602 -0.764445
-0.499298 -0.767971 -0.499298 -0.767971
-0.489963 -0.771414 -0.489963 -0.771414
-0.480598 -0.774777 -0.480598 -0.774777
-0.471205 -0.778057 -0.471205 -0.778057
-0.461783 -0.781255 -0.461783 -0.781255
-0.452334 -0.784371 -0.452334 -0.784371
-0.442857 -0.787405 -0.442857 -0.787405
-0.433355 -0.790355 -0.433355 -0.790355
-0.423827 -0.793223 -0.423827 -0.793223
-0.414275 -0.796007 -0.414275 -0.796007
-0.404699 -0.798708 -0.404699 -0.798708
-0.395099 -0.801325 -0.395099 -0.801325
-0.385477 -0.803858 -0.385477 -0.803858
-0.375833 -0.806307 -0.375833 -0.806307
-0.366169 -0.808672 -0.366169 -0.808672
-0.356484 -0.810953 -0.356484 -0.810953
-0.346779 -0.813149 -0.346779 -0.813149
-0.337056 -0.815260 -0.337056 -0.815260
-0.327314 -0.817286 -0.327314 -0.817286
-0.317556 -0.819227 -0.317556 -0.819227
-0.307780 -0.821083 -0.307780 -0.821083
-0.297989 -0.822854 -0.297989 -0.822854
-0.288183 -0.824539 -0.288183 -0.824539
-0.278363 -0.826138 -0.278363 -0.826138
-0.268529 -0.827652 -0.268529 -0.827652
-0.258682 -0.829079 -0.258682 -0.829079
-0.248823 -0.830421 -0.248823 -0.830421
-0.238952 -0.831677 -0.238952 -0.831677
-0.229072 -0.832846 -0.229072 -0.832846
-0.219181 -0.833929 -0.219181 -0.833929
-0.209281 -0.834926 -0.209281 -0.834926
-0.199373 -0.835837 -0.199373 -0.835837
-0.189457 -0.836661 -0.189457 -0.836661
-0.179535 -0.837398 -0.179535 -0.837398
-0.169606 -0.838049 -0.169606 -0.838049
-0.159672 -0.838613 -0.159672 -0.838613
-0.149734 -0.839090 -0.149734 -0.839090
-0.139792 -0.839481 -0.139792 -0.839481
-0.129846 -0.839785 -0.129846 -0.839785
-0.119899 -0.840002 -0.119899 -0.840002
-0.109950 -0.840132 -0.109950 -0.840132
-0.100000 -0.840175 -0.100000 -0.840175
-0.090050 -0.840132 -0.090050 -0.840132
-0.080101 -0.840002 -0.080101 -0.840002
-0.070154 -0.839785 -0.070154 -0.839785
-0.060208 -0.839481 -0.060208 -0.839481
-0.050266 -0.839090 -0.050266 -0.839090
-0.040328 -0.838613 -0.040328 -0.838613
-0.030394 -0.838049 -0.030394 -0.838049
-0.020465 -0.837398 -0.020465 -0.837398
-0.010543 -0.836661 -0.010543 -0.836661
-0.000627 -0.835837 -0.000627 -0.835837
0.009281 -0.834926 0.009281 -0.834926
0.019181 -0.833929 0.019181 -0.833929
0.029072 -0.832846 0.029072 -0.832846
0.038952 -0.831677 0.038952 -0.831677
0.048823 -0.830421 0.048823 -0.830421
0.058682 -0.829079 0.058682 -0.829079
0.068529 -0.827652 0.068529 -0.827652
0.078363 -0.826138 0.078363 -0.826138
0.088183 -0.824539 0.088183 -0.824539
0.097989 -0.822854 0.097989 -0.822854
0.107780 -0.821083 0.107780 -0.821083
0.117556 -0.819227 0.117556 -0.819227
0.127314 -0.817286 0.127314 -0.817286
0.137056 -0.815260 0.137056 -0.815260
0.146779 -0.813149 0.146779 -0.813149
0.156484 -0.810953 0.156484 -0.810953
0.166169 -0.808672 0.166169 -0.808672
0.175833 -0.806307 0.175833 -0.806307
0.185477 -0.803858 0.185477 -0.803858
0.195099 -0.801325 0.195099 -0.801325
0.204699 -0.798708 0.204699 -0.798708
0.214275 -0.796007 0.214275 -0.796007
0.223827 -0.793223 0.223827 -0.793223
0.233355 -0.790355 0.233355 -0.790355
0.242857 -0.787405 0.242857 -0.787405
0.252334 -0.784371 0.252334 -0.784371
0.261783 -0.781255 0.261783 -0.781255
0.271205 -0.778057 0.271205 -0.778057
0.280598 -0.774777 0.280598 -0.774777
0.289963 -0.771414 0.289963 -0.771414
0.299298 -0.767971 0.299298 -0.767971
0.308602 -0.764445 0.308602 -0.764445
0.317876 -0.760839 0.317876 -0.760839
0.327117 -0.757152 0.327117 -0.757152
0.336326 -0.753385 0.336326 -0.753385
0.345502 -0.749537 0.345502 -0.749537
0.354644 -0.745609 0.354644 -0.745609
0.363751 -0.741602 0.363751 -0.741602
0.372823 -0.737515 0.372823 -0.737515
0.381859 -0.733350 0.381859 -0.733350
0.390858 -0.729106 0.390858 -0.729106
0.399820 -0.724783 0.399820 -0.724783
0.408744 -0.720382 0.408744 -0.720382
0.417629 -0.715904 0.417629 -0.715904
0.426474 -0.711348 0.426474 -0.711348
0.435280 -0.706715 0.435280 -0.706715
0.444045 -0.702006 0.444045 -0.702006
0.452768 -0.697220 0.452768 -0.697220
0.461449 -0.692358 0.461449 -0.692358
0.470088 -0.687421 0.470088 -0.687421
0.478683 -0.682408 0.478683 -0.682408
0.487234 -0.677321 0.487234 -0.677321
0.495740 -0.672159 0.495740 -0.672159
0.504201 -0.666924 0.504201 -0.666924
0.512616 -0.661614 0.512616 -0.661614
0.520984 -0.656232 0.520984 -0.656232
0.529305 -0.650776 0.529305 -0.650776
0.537578 -0.645248 0.537578 -0.645248
0.545802 -0.639648 0.545802 -0.639648
0.553978 -0.633977 0.553978 -0.633977
0.562103 -0.628235 0.562103 -0.628235
0.570178 -0.622421 0.570178 -0.622421
0.578202 -0.616538 0.578202 -0.616538
0.586175 -0.610585 0.586175 -0.610585
0.594095 -0.604562 0.594095 -0.604562
0.601962 -0.598470 0.601962 -0.598470
0.609776 -0.592311 0.609776 -0.592311
0.617536 -0.586083 0.617536 -0.586083
0.625241 -0.579787 0.625241 -0.579787
0.632891 -0.573425 0.632891 -0.573425
0.640485 -0.566996 0.640485 -0.566996
0.648022 -0.560501 0.648022 -0.560501
0.655503 -0.553941 0.655503 -0.553941
0.662926 -0.547315 0.662926 -0.547315
0.670291 -0.540626 0.670291 -0.540626
0.677598 -0.533872 0.677598 -0.533872
0.684845 -0.527054 0.684845 -0.527054
0.692032 -0.520174 0.692032 -0.520174
0.699160 -0.513231 0.699160 -0.513231
0.706226 -0.506226 0.706226 -0.506226
0.713231 -0.499160 0.713231 -0.499160
0.720174 -0.492032 0.720174 -0.492032
0.727054 -0.484845 0.727054 -0.484845
0.733872 -0.477598 0.733872 -0.477598
0.740626 -0.470291 0.740626 -0.470291
0.747315 -0.462926 0.747315 -0.462926
0.753941 -0.455503 0.753941 -0.455503
0.760501 -0.448022 0.760501 -0.448022
0.766996 -0.440485 0.766996 -0.440485
0.773425 -0.432891 0.773425 -0.432891
0.779787 -0.425241 0.779787 -0.425241
0.786083 -0.417536 0.786083 -0.417536
0.792311 -0.409776 0.792311 -0.409776
0.798470 -0.401962 0.798470 -0.401962
0.804562 -0.394095 0.804562 -0.394095
0.810585 -0.386175 0.810585 -0.386175
0.816538 -0.378202 0.816538 -0.378202
0.822421 -0.370178 0.822421 -0.370178
0.828235 -0.362103 0.828235 -0.362103
0.833977 -0.353978 0.833977 -0.353978
0.839648 -0.345802 0.839648 -0.345802
0.845248 -0.337578 0.845248 -0.337578
0.850776 -0.329305 0.850776 -0.329305
0.856232 -0.320984 0.856232 -0.320984
0.861614 -0.312616 0.861614 -0.312616
0.866924 -0.304201 0.866924 -0.304201
0.872159 -0.295740 0.872159 -0.295740
0.877321 -0.287234 0.877321 -0.287234
0.882408 -0.278683 0.882408 -0.278683
0.887421 -0.270088 0.887421 -0.270088
0.892358 -0.261449 0.892358 -0.261449
0.897220 -0.252768 0.897220 -0.252768
0.902006 -0.244045 0.902006 -0.244045
0.906715 -0.235280 0.906715 -0.235280
0.911348 -0.226474 0.911348 -0.226474
0.915904 -0.217629 0.915904 -0.217629
0.920382 -0.208744 0.920382 -0.208744
0.924783 -0.199820 0.924783 -0.199820
0.929106 -0.190858 0.929106 -0.190858
0.933350 -0.181859 0.933350 -0.181859
0.937515 -0.172823 0.937515 -0.172823
0.941602 -0.163751 0.941602 -0.163751
0.945609 -0.154644 0.945609 -0.154644
0.949537 -0.145502 0.949537 -0.145502
0.953385 -0.136326 0.953385 -0.136326
0.957152 -0.127117 0.957152 -0.127117
0.960839 -0.117876 0.960839 -0.117876
0.964445 -0.108602 0.964445 -0.108602
0.967971 -0.099298 0.967971 -0.099298
0.971414 -0.089963 0.971414 -0.089963
0.974777 -0.080598 0.974777 -0.080598
0.978057 -0.071205 0.978057 -0.071205
0.981255 -0.061783 0.981255 -0.061783
0.984371 -0.052334 0.984371 -0.052334
0.987405 -0.042857 0.987405 -0.042857
0.990355 -0.033355 0.990355 -0.033355
0.993223 -0.023827 0.993223 -0.023827
0.996007 -0.014275 0.996007 -0.014275
0.998708 -0.004699 0.998708 -0.004699
1.001325 0.004901 1.001325 0.004901
1.003858 0.014523 1.003858 0.014523
1.006307 0.024167 1.006307 0.024167
1.008672 0.033831 1.008672 0.033831
1.010953 0.043516 1.010953 0.043516
1.013149 0.053221 1.013149 0.053221
1.015260 0.062944 1.015260 0.062944
1.017286 0.072686 1.017286 0.072686
1.019227 0.082444 1.019227 0.082444
1.021083 0.092220 1.021083 0.092220
1.022854 0.102011 1.022854 0.102011
1.024539 0.111817 1.024539 0.111817
1.026138 0.121637 1.026138 0.121637
1.027652 0.131471 1.027652 0.131471
1.029079 0.141318 1.029079 0.141318
1.030421 0.151177 1.030421 0.151177
1.031677 0.161048 1.031677 0.161048
1.032846 0.170928 1.032846 0.170928
1.033929 0.180819 1.033929 0.180819
1.034926 0.190719 1.034926 0.190719
1.035837 0.200627 1.035837 0.200627
1.036661 0.210543 1.036661 0.210543
1.037398 0.220465 1.037398 0.220465
1.038049 0.230394 1.038049 0.230394
1.038613 0.240328 1.038613 0.240328
1.039090 0.250266 1.039090 0.250266
1.039481 0.260208 1.039481 0.260208
1.039785 0.270154 1.039785 0.270154
1.040002 0.280101 1.040002 0.280101
1.040132 0.290050 1.040132 0.290050
1.040175 0.300000 1.040175 0.300000
