# circle in zeta-plane case 5
# xi0 = -0.2, eta0 = 0, r = 1.2
# xi   eta   xi/a   eta/a
1.000000 0.000000 1.000000 0.000000
0.999954 0.010472 0.999954 0.010472
0.999817 0.020943 0.999817 0.020943
0.999589 0.031412 0.999589 0.031412
0.999269 0.041879 0.999269 0.041879
0.998858 0.052343 0.998858 0.052343
0.998355 0.062803 0.998355 0.062803
0.997762 0.073258 0.997762 0.073258
0.997077 0.083708 0.997077 0.083708
0.996301 0.094151 0.996301 0.094151
0.995434 0.104587 0.995434 0.104587
0.994475 0.115015 0.994475 0.115015
0.993426 0.125434 0.993426 0.125434
0.992286 0.135844 0.992286 0.135844
0.991055 0.146243 0.991055 0.146243
0.989734 0.156631 0.989734 0.156631
0.988322 0.167008 0.988322 0.167008
0.986819 0.177371 0.986819 0.177371
0.985226 0.187721 0.985226 0.187721
0.983543 0.198057 0.983543 0.198057
0.981769 0.208378 0.981769 0.208378
0.979906 0.218683 0.979906 0.218683
0.977953 0.228971 0.977953 0.228971
0.975910 0.239242 0.975910 0.239242
0.973777 0.249494 0.973777 0.249494
0.971555 0.259728 0.971555 0.259728
0.969244 0.269941 0.969244 0.269941
0.966844 0.280134 0.966844 0.280134
0.964355 0.290306 0.964355 0.290306
0.961777 0.300456 0.961777 0.300456
0.959111 0.310583 0.959111 0.310583
0.956357 0.320686 0.956357 0.320686
0.953514 0.330765 0.953514 0.330765
0.950584 0.340818 0.950584 0.340818
0.947566 0.350846 0.947566 0.350846
0.944460 0.360847 0.944460 0.360847
0.941268 0.370820 0.941268 0.370820
0.937988 0.380766 0.937988 0.380766
0.934622 0.390682 0.934622 0.390682
0.931170 0.400568 0.931170 0.400568
0.927631 0.410424 0.927631 0.410424
0.924007 0.420249 0.924007 0.420249
0.920297 0.430042 0.920297 0.430042
0.916501 0.439801 0.916501 0.439801
0.912621 0.449528 0.912621 0.449528
0.908655 0.459220 0.908655 0.459220
0.904606 0.468877 0.904606 0.468877
0.900472 0.478499 0.900472 0.478499
0.896255 0.488084 0.896255 0.488084
0.891954 0.497632 0.891954 0.497632
0.887569 0.507142 0.887569 0.507142
0.883102 0.516613 0.883102 0.516613
0.878553 0.526045 0.878553 0.526045
0.873921 0.535437 0.873921 0.535437
0.869208 0.544789 0.869208 0.544789
0.864413 0.554098 0.864413 0.554098
0.859537 0.563366 0.859537 0.563366
0.854581 0.572591 0.854581 0.572591
0.849544 0.581772 0.849544 0.581772
0.844427 0.590908 0.844427 0.590908
0.839230 0.600000 0.839230 0.600000
0.833955 0.609046 0.833955 0.609046
0.828601 0.618046 0.828601 0.618046
0.823168 0.626998 0.823168 0.626998
0.817658 0.635903 0.817658 0.635903
0.812070 0.644760 0.812070 0.644760
0.806405 0.653567 0.806405 0.653567
0.800663 0.662324 0.800663 0.662324
0.794845 0.671031 0.794845 0.671031
0.788951 0.679687 0.788951 0.679687
0.782982 0.688292 0.782982 0.688292
0.776939 0.696844 0.776939 0.696844
0.770820 0.705342 0.770820 0.705342
0.764628 0.713787 0.764628 0.713787
0.758363 0.722178 0.758363 0.722178
0.752024 0.730514 0.752024 0.730514
0.745613 0.738794 0.745613 0.738794
0.739130 0.747018 0.739130 0.747018
0.732575 0.755184 0.732575 0.755184
0.725950 0.763294 0.725950 0.763294
0.719253 0.771345 0.719253 0.771345
0.712487 0.779338 0.712487 0.779338
0.705651 0.787271 0.705651 0.787271
0.698747 0.795144 0.698747 0.795144
0.691774 0.802957 0.691774 0.802957
0.684733 0.810708 0.684733 0.810708
0.677624 0.818398 0.677624 0.818398
0.670449 0.826025 0.670449 0.826025
0.663208 0.833590 0.663208 0.833590
0.655901 0.841091 0.655901 0.841091
0.648528 0.848528 0.648528 0.848528
0.641091 0.855901 0.641091 0.855901
0.633590 0.863208 0.633590 0.863208
0.626025 0.870449 0.626025 0.870449
0.618398 0.877624 0.618398 0.877624
0.610708 0.884733 0.610708 0.884733
0.602957 0.891774 0.602957 0.891774
0.595144 0.898747 0.595144 0.898747
0.587271 0.905651 0.587271 0.905651
0.579338 0.912487 0.579338 0.912487
0.571345 0.919253 0.571345 0.919253
0.563294 0.925950 0.563294 0.925950
0.555184 0.932575 0.555184 0.932575
0.547018 0.939130 0.547018 0.939130
0.538794 0.945613 0.538794 0.945613
0.530514 0.952024 0.530514 0.952024
0.522178 0.958363 0.522178 0.958363
0.513787 0.964628 0.513787 0.964628
0.505342 0.970820 0.505342 0.970820
0.496844 0.976939 0.496844 0.976939
0.488292 0.982982 0.488292 0.982982
0.479687 0.988951 0.479687 0.988951
0.471031 0.994845 0.471031 0.994845
0.462324 1.000663 0.462324 1.000663
0.453567 1.006405 0.453567 1.006405
0.444760 1.012070 0.444760 1.012070
0.435903 1.017658 0.435903 1.017658
0.426998 1.023168 0.426998 1.023168
0.418046 1.028601 0.418046 1.028601
0.409046 1.033955 0.409046 1.033955
0.400000 1.039230 0.400000 1.039230
0.390908 1.044427 0.390908 1.044427
0.381772 1.049544 0.381772 1.049544
0.372591 1.054581 0.372591 1.054581
0.363366 1.059537 0.363366 1.059537
0.354098 1.064413 0.354098 1.064413
0.344789 1.069208 0.344789 1.069208
0.335437 1.073921 0.335437 1.073921
0.326045 1.078553 0.326045 1.078553
0.316613 1.083102 0.316613 1.083102
0.307142 1.087569 0.307142 1.087569
0.297632 1.091954 0.297632 1.091954
0.288084 1.096255 0.288084 1.096255
0.278499 1.100472 0.278499 1.100472
0.268877 1.104606 0.268877 1.104606
0.259220 1.108655 0.259220 1.108655
0.249528 1.112621 0.249528 1.112621
0.239801 1.116501 0.239801 1.116501
0.230042 1.120297 0.230042 1.120297
0.220249 1.124007 0.220249 1.124007
0.210424 1.127631 0.210424 1.127631
0.200568 1.131170 0.200568 1.131170
0.190682 1.134622 0.190682 1.134622
0.180766 1.137988 0.180766 1.137988
0.170820 1.141268 0.170820 1.141268
0.160847 1.144460 0.160847 1.144460
0.150846 1.147566 0.150846 1.147566
0.140818 1.150584 0.140818 1.150584
0.130765 1.153514 0.130765 1.153514
0.120686 1.156357 0.120686 1.156357
0.110583 1.159111 0.110583 1.159111
0.100456 1.161777 0.100456 1.161777
0.090306 1.164355 0.090306 1.164355
0.080134 1.166844 0.080134 1.166844
0.069941 1.169244 0.069941 1.169244
0.059728 1.171555 0.059728 1.171555
0.049494 1.173777 0.049494 1.173777
0.039242 1.175910 0.039242 1.175910
0.028971 1.177953 0.028971 1.177953
0.018683 1.179906 0.018683 1.179906
0.008378 1.181769 0.008378 1.181769
-0.001943 1.183543 -0.001943 1.183543
-0.012279 1.185226 -0.012279 1.185226
-0.022629 1.186819 -0.022629 1.186819
-0.032992 1.188322 -0.032992 1.188322
-0.043369 1.189734 -0.043369 1.189734
-0.053757 1.191055 -0.053757 1.191055
-0.064156 1.192286 -0.064156 1.192286
-0.074566 1.193426 -0.074566 1.193426
-0.084985 1.194475 -0.084985 1.194475
-0.095413 1.195434 -0.095413 1.195434
-0.105849 1.196301 -0.105849 1.196301
-0.116292 1.197077 -0.116292 1.197077
-0.126742 1.197762 -0.126742 1.197762
-0.137197 1.198355 -0.137197 1.198355
-0.147657 1.198858 -0.147657 1.198858
-0.158121 1.199269 -0.158121 1.199269
-0.168588 1.199589 -0.168588 1.199589
-0.179057 1.199817 -0.179057 1.199817
-0.189528 1.199954 -0.189528 1.199954
-0.200000 1.200000 -0.200000 1.200000
-0.210472 1.199954 -0.210472 1.199954
-0.220943 1.199817 -0.220943 1.199817
-0.231412 1.199589 -0.231412 1.199589
-0.241879 1.199269 -0.241879 1.199269
-0.252343 1.198858 -0.252343 1.198858
-0.262803 1.198355 -0.262803 1.198355
-0.273258 1.197762 -0.273258 1.197762
-0.283708 1.197077 -0.283708 1.197077
-0.294151 1.196301 -0.294151 1.196301
-0.304587 1.195434 -0.304587 1.195434
-0.315015 1.194475 -0.315015 1.194475
-0.325434 1.193426 -0.325434 1.193426
-0.335844 1.192286 -0.335844 1.192286
-0.346243 1.191055 -0.346243 1.191055
-0.356631 1.189734 -0.356631 1.189734
-0.367008 1.188322 -0.367008 1.188322
-0.377371 1.186819 -0.377371 1.186819
-0.387721 1.185226 -0.387721 1.185226
-0.398057 1.183543 -0.398057 1.183543
-0.408378 1.181769 -0.408378 1.181769
-0.418683 1.179906 -0.418683 1.179906
-0.428971 1.177953 -0.428971 1.177953
-0.439242 1.175910 -0.439242 1.175910
-0.449494 1.173777 -0.449494 1.173777
-0.459728 1.171555 -0.459728 1.171555
-0.469941 1.169244 -0.469941 1.169244
-0.480134 1.166844 -0.480134 1.166844
-0.490306 1.164355 -0.490306 1.164355
-0.500456 1.161777 -0.500456 1.161777
-0.510583 1.159111 -0.510583 1.159111
-0.520686 1.156357 -0.520686 1.156357
-0.530765 1.153514 -0.530765 1.153514
-0.540818 1.150584 -0.540818 1.150584
-0.550846 1.147566 -0.550846 1.147566
-0.560847 1.144460 -0.560847 1.144460
-0.570820 1.141268 -0.570820 1.141268
-0.580766 1.137988 -0.580766 1.137988
-0.590682 1.134622 -0.590682 1.134622
-0.600568 1.131170 -0.600568 1.131170
-0.610424 1.127631 -0.610424 1.127631
-0.620249 1.124007 -0.620249 1.124007
-0.630042 1.120297 -0.630042 1.120297
-0.639801 1.116501 -0.639801 1.116501
-0.649528 1.112621 -0.649528 1.112621
-0.659220 1.108655 -0.659220 1.108655
-0.668877 1.104606 -0.668877 1.104606
-0.678499 1.100472 -0.678499 1.100472
-0.688084 1.096255 -0.688084 1.096255
-0.697632 1.091954 -0.697632 1.091954
-0.707142 1.087569 -0.707142 1.087569
-0.716613 1.083102 -0.716613 1.083102
-0.726045 1.078553 -0.726045 1.078553
-0.735437 1.073921 -0.735437 1.073921
-0.744789 1.069208 -0.744789 1.069208
-0.754098 1.064413 -0.754098 1.064413
-0.763366 1.059537 -0.763366 1.059537
-0.772591 1.054581 -0.772591 1.054581
-0.781772 1.049544 -0.781772 1.049544
-0.790908 1.044427 -0.790908 1.044427
-0.800000 1.039230 -0.800000 1.039230
-0.809046 1.033955 -0.809046 1.033955
-0.818046 1.028601 -0.818046 1.028601
-0.826998 1.023168 -0.826998 1.023168
-0.835903 1.017658 -0.835903 1.017658
-0.844760 1.012070 -0.844760 1.012070
-0.853567 1.006405 -0.853567 1.006405
-0.862324 1.000663 -0.862324 1.000663
-0.871031 0.994845 -0.871031 0.994845
-0.879687 0.988951 -0.879687 0.988951
-0.888292 0.982982 -0.888292 0.982982
-0.896844 0.976939 -0.896844 0.976939
-0.905342 0.970820 -0.905342 0.970820
-0.913787 0.964628 -0.913787 0.964628
-0.922178 0.958363 -0.922178 0.958363
-0.930514 0.952024 -0.930514 0.952024
-0.938794 0.945613 -0.938794 0.945613
-0.947018 0.939130 -0.947018 0.939130
-0.955184 0.932575 -0.955184 0.932575
-0.963294 0.925950 -0.963294 0.925950
-0.971345 0.919253 -0.971345 0.919253
-0.979338 0.912487 -0.979338 0.912487
-0.987271 0.905651 -0.987271 0.905651
-0.995144 0.898747 -0.995144 0.898747
-1.002957 0.891774 -1.002957 0.891774
-1.010708 0.884733 -1.010708 0.884733
-1.018398 0.877624 -1.018398 0.877624
-1.026025 0.870449 -1.026025 0.870449
-1.033590 0.863208 -1.033590 0.863208
-1.041091 0.855901 -1.041091 0.855901
-1.048528 0.848528 -1.048528 0.848528
-1.055901 0.841091 -1.055901 0.841091
-1.063208 0.833590 -1.063208 0.833590
-1.070449 0.826025 -1.070449 0.826025
-1.077624 0.818398 -1.077624 0.818398
-1.084733 0.810708 -1.084733 0.810708
-1.091774 0.802957 -1.091774 0.802957
-1.098747 0.795144 -1.098747 0.795144
-1.105651 0.787271 -1.105651 0.787271
-1.112487 0.779338 -1.112487 0.779338
-1.119253 0.771345 -1.119253 0.771345
-1.125950 0.763294 -1.125950 0.763294
-1.132575 0.755184 -1.132575 0.755184
-1.139130 0.747018 -1.139130 0.747018
-1.145613 0.738794 -1.145613 0.738794
-1.152024 0.730514 -1.152024 0.730514
-1.158363 0.722178 -1.158363 0.722178
-1.164628 0.713787 -1.164628 0.713787
-1.170820 0.705342 -1.170820 0.705342
-1.176939 0.696844 -1.176939 0.696844
-1.182982 0.688292 -1.182982 0.688292
-1.188951 0.679687 -1.188951 0.679687
-1.194845 0.671031 -1.194845 0.671031
-1.200663 0.662324 -1.200663 0.662324
-1.206405 0.653567 -1.206405 0.653567
-1.212070 0.644760 -1.212070 0.644760
-1.217658 0.635903 -1.217658 0.635903
-1.223168 0.626998 -1.223168 0.626998
-1.228601 0.618046 -1.228601 0.618046
-1.233955 0.609046 -1.233955 0.609046
-1.239230 0.600000 -1.239230 0.600000
-1.244427 0.590908 -1.244427 0.590908
-1.249544 0.581772 -1.249544 0.581772
-1.254581 0.572591 -1.254581 0.572591
-1.259537 0.563366 -1.259537 0.563366
-1.264413 0.554098 -1.264413 0.554098
-1.269208 0.544789 -1.269208 0.544789
-1.273921 0.535437 -1.273921 0.535437
-1.278553 0.526045 -1.278553 0.526045
-1.283102 0.516613 -1.283102 0.516613
-1.287569 0.507142 -1.287569 0.507142
-1.291954 0.497632 -1.291954 0.497632
-1.296255 0.488084 -1.296255 0.488084
-1.300472 0.478499 -1.300472 0.478499
-1.304606 0.468877 -1.304606 0.468877
-1.308655 0.459220 -1.308655 0.459220
-1.312621 0.449528 -1.312621 0.449528
-1.316501 0.439801 -1.316501 0.439801
-1.320297 0.430042 -1.320297 0.430042
-1.324007 0.420249 -1.324007 0.420249
-1.327631 0.410424 -1.327631 0.410424
-1.331170 0.400568 -1.331170 0.400568
-1.334622 0.390682 -1.334622 0.390682
-1.337988 0.380766 -1.337988 0.380766
-1.341268 0.370820 -1.341268 0.370820
-1.344460 0.360847 -1.344460 0.360847
-1.347566 0.350846 -1.347566 0.350846
-1.350584 0.340818 -1.350584 0.340818
-1.353514 0.330765 -1.353514 0.330765
-1.356357 0.320686 -1.356357 0.320686
-1.359111 0.310583 -1.359111 0.310583
-1.361777 0.300456 -1.361777 0.300456
-1.364355 0.290306 -1.364355 0.290306
-1.366844 0.280134 -1.366844 0.280134
-1.369244 0.269941 -1.369244 0.269941
-1.371555 0.259728 -1.371555 0.259728
-1.373777 0.249494 -1.373777 0.249494
-1.375910 0.239242 -1.375910 0.239242
-1.377953 0.228971 -1.377953 0.228971
-1.379906 0.218683 -1.379906 0.218683
-1.381769 0.208378 -1.381769 0.208378
-1.383543 0.198057 -1.383543 0.198057
-1.385226 0.187721 -1.385226 0.187721
-1.386819 0.177371 -1.386819 0.177371
-1.388322 0.167008 -1.388322 0.167008
-1.389734 0.156631 -1.389734 0.156631
-1.391055 0.146243 -1.391055 0.146243
-1.392286 0.135844 -1.392286 0.135844
-1.393426 0.125434 -1.393426 0.125434
-1.394475 0.115015 -1.394475 0.115015
-1.395434 0.104587 -1.395434 0.104587
-1.396301 0.094151 -1.396301 0.094151
-1.397077 0.083708 -1.397077 0.083708
-1.397762 0.073258 -1.397762 0.073258
-1.398355 0.062803 -1.398355 0.062803
-1.398858 0.052343 -1.398858 0.052343
-1.399269 0.041879 -1.399269 0.041879
-1.399589 0.031412 -1.399589 0.031412
-1.399817 0.020943 -1.399817 0.020943
-1.399954 0.010472 -1.399954 0.010472
-1.400000 0.000000 -1.400000 0.000000
-1.399954 -0.010472 -1.399954 -0.010472
-1.399817 -0.020943 -1.399817 -0.020943
-1.399589 -0.031412 -1.399589 -0.031412
-1.399269 -0.041879 -1.399269 -0.041879
-1.398858 -0.052343 -1.398858 -0.052343
-1.398355 -0.062803 -1.398355 -0.062803
-1.397762 -0.073258 -1.397762 -0.073258
-1.397077 -0.083708 -1.397077 -0.083708
-1.396301 -0.094151 -1.396301 -0.094151
-1.395434 -0.104587 -1.395434 -0.104587
-1.394475 -0.115015 -1.394475 -0.115015
-1.393426 -0.125434 -1.393426 -0.125434
-1.392286 -0.135844 -1.392286 -0.135844
-1.391055 -0.146243 -1.391055 -0.146243
-1.389734 -0.156631 -1.389734 -0.156631
-1.388322 -0.167008 -1.388322 -0.167008
-1.386819 -0.177371 -1.386819 -0.177371
-1.385226 -0.187721 -1.385226 -0.187721
-1.383543 -0.198057 -1.383543 -0.198057
-1.381769 -0.208378 -1.381769 -0.208378
-1.379906 -0.218683 -1.379906 -0.218683
-1.377953 -0.228971 -1.377953 -0.228971
-1.375910 -0.239242 -1.375910 -0.239242
-1.373777 -0.249494 -1.373777 -0.249494
-1.371555 -0.259728 -1.371555 -0.259728
-1.369244 -0.269941 -1.369244 -0.269941
-1.366844 -0.280134 -1.366844 -0.280134
-1.364355 -0.290306 -1.364355 -0.290306
-1.361777 -0.300456 -1.361777 -0.300456
-1.359111 -0.310583 -1.359111 -0.310583
-1.356357 -0.320686 -1.356357 -0.320686
-1.353514 -0.330765 -1.353514 -0.330765
-1.350584 -0.340818 -1.350584 -0.340818
-1.347566 -0.350846 -1.347566 -0.350846
-1.344460 -0.360847 -1.344460 -0.360847
-1.341268 -0.370820 -1.341268 -0.370820
-1.337988 -0.380766 -1.337988 -0.380766
-1.334622 -0.390682 -1.334622 -0.390682
-1.331170 -0.400568 -1.331170 -0.400568
-1.327631 -0.410424 -1.327631 -0.410424
-1.324007 -0.420249 -1.324007 -0.420249
-1.320297 -0.430042 -1.320297 -0.430042
-1.316501 -0.439801 -1.316501 -0.439801
-1.312621 -0.449528 -1.312621 -0.449528
-1.308655 -0.459220 -1.308655 -0.459220
-1.304606 -0.468877 -1.304606 -0.468877
-1.300472 -0.478499 -1.300472 -0.478499
-1.296255 -0.488084 -1.296255 -0.488084
-1.291954 -0.497632 -1.291954 -0.497632
-1.287569 -0.507142 -1.287569 -0.507142
-1.283102 -0.516613 -1.283102 -0.516613
-1.278553 -0.526045 -1.278553 -0.526045
-1.273921 -0.535437 -1.273921 -0.535437
-1.269208 -0.544789 -1.269208 -0.544789
-1.264413 -0.554098 -1.264413 -0.554098
-1.259537 -0.563366 -1.259537 -0.563366
-1.254581 -0.572591 -1.254581 -0.572591
-1.249544 -0.581772 -1.249544 -0.581772
-1.244427 -0.590908 -1.244427 -0.590908
-1.239230 -0.600000 -1.239230 -0.600000
-1.233955 -0.609046 -1.233955 -0.609046
-1.228601 -0.618046 -1.228601 -0.618046
-1.223168 -0.626998 -1.223168 -0.626998
-1.217658 -0.635903 -1.217658 -0.635903
-1.212070 -0.644760 -1.212070 -0.644760
-1.206405 -0.653567 -1.206405 -0.653567
-1.200663 -0.662324 -1.200663 -0.662324
-1.194845 -0.671031 -1.194845 -0.671031
-1.188951 -0.679687 -1.188951 -0.679687
-1.182982 -0.688292 -1.182982 -0.688292
-1.176939 -0.696844 -1.176939 -0.696844
-1.170820 -0.705342 -1.170820 -0.705342
-1.164628 -0.713787 -1.164628 -0.713787
-1.158363 -0.722178 -1.158363 -0.722178
-1.152024 -0.730514 -1.152024 -0.730514
-1.145613 -0.738794 -1.145613 -0.738794
-1.139130 -0.747018 -1.139130 -0.747018
-1.132575 -0.755184 -1.132575 -0.755184
-1.125950 -0.763294 -1.125950 -0.763294
-1.119253 -0.771345 -1.119253 -0.771345
-1.112487 -0.779338 -1.112487 -0.779338
-1.105651 -0.787271 -1.105651 -0.787271
-1.098747 -0.795144 -1.098747 -0.795144
-1.091774 -0.802957 -1.091774 -0.802957
-1.084733 -0.810708 -1.084733 -0.810708
-1.077624 -0.818398 -1.077624 -0.818398
-1.070449 -0.826025 -1.070449 -0.826025
-1.063208 -0.833590 -1.063208 -0.833590
-1.055901 -0.841091 -1.055901 -0.841091
-1.048528 -0.848528 -1.048528 -0.848528
-1.041091 -0.855901 -1.041091 -0.855901
-1.033590 -0.863208 -1.033590 -0.863208
-1.026025 -0.870449 -1.026025 -0.870449
-1.018398 -0.877624 -1.018398 -0.877624
-1.010708 -0.884733 -1.010708 -0.884733
-1.002957 -0.891774 -1.002957 -0.891774
-0.995144 -0.898747 -0.995144 -0.898747
-0.987271 -0.905651 -0.987271 -0.905651
-0.979338 -0.912487 -0.979338 -0.912487
-0.971345 -0.919253 -0.971345 -0.919253
-0.963294 -0.925950 -0.963294 -0.925950
-0.955184 -0.932575 -0.955184 -0.932575
-0.947018 -0.939130 -0.947018 -0.939130
-0.938794 -0.945613 -0.938794 -0.945613
-0.930514 -0.952024 -0.930514 -0.952024
-0.922178 -0.958363 -0.922178 -0.958363
-0.913787 -0.964628 -0.913787 -0.964628
-0.905342 -0.970820 -0.905342 -0.970820
-0.896844 -0.976939 -0.896844 -0.976939
-0.888292 -0.982982 -0.888292 -0.982982
-0.879687 -0.988951 -0.879687 -0.988951
-0.871031 -0.994845 -0.871031 -0.994845
-0.862324 -1.000663 -0.862324 -1.000663
-0.853567 -1.006405 -0.853567 -1.006405
-0.844760 -1.012070 -0.844760 -1.012070
-0.835903 -1.017658 -0.835903 -1.017658
-0.826998 -1.023168 -0.826998 -1.023168
-0.818046 -1.028601 -0.818046 -1.028601
-0.809046 -1.033955 -0.809046 -1.033955
-0.800000 -1.039230 -0.800000 -1.039230
-0.790908 -1.044427 -0.790908 -1.044427
-0.781772 -1.049544 -0.781772 -1.049544
-0.772591 -1.054581 -0.772591 -1.054581
-0.763366 -1.059537 -0.763366 -1.059537
-0.754098 -1.064413 -0.754098 -1.064413
-0.744789 -1.069208 -0.744789 -1.069208
-0.735437 -1.073921 -0.735437 -1.073921
-0.726045 -1.078553 -0.726045 -1.078553
-0.716613 -1.083102 -0.716613 -1.083102
-0.707142 -1.087569 -0.707142 -1.087569
-0.697632 -1.091954 -0.697632 -1.091954
-0.688084 -1.096255 -0.688084 -1.096255
-0.678499 -1.100472 -0.678499 -1.100472
-0.668877 -1.104606 -0.668877 -1.104606
-0.659220 -1.108655 -0.659220 -1.108655
-0.649528 -1.112621 -0.649528 -1.112621
-0.639801 -1.116501 -0.639801 -1.116501
-0.630042 -1.120297 -0.630042 -1.120297
-0.620249 -1.124007 -0.620249 -1.124007
-0.610424 -1.127631 -0.610424 -1.127631
-0.600568 -1.131170 -0.600568 -1.131170
-0.590682 -1.134622 -0.590682 -1.134622
-0.580766 -1.137988 -0.580766 -1.137988
-0.570820 -1.141268 -0.570820 -1.141268
-0.560847 -1.144460 -0.560847 -1.144460
-0.550846 -1.147566 -0.550846 -1.147566
-0.540818 -1.150584 -0.540818 -1.150584
-0.530765 -1.153514 -0.530765 -1.153514
-0.520686 -1.156357 -0.520686 -1.156357
-0.510583 -1.159111 -0.510583 -1.159111
-0.500456 -1.161777 -0.500456 -1.161777
-0.490306 -1.164355 -0.490306 -1.164355
-0.480134 -1.166844 -0.480134 -1.166844
-0.469941 -1.169244 -0.469941 -1.169244
-0.459728 -1.171555 -0.459728 -1.171555
-0.449494 -1.173777 -0.449494 -1.173777
-0.439242 -1.175910 -0.439242 -1.175910
-0.428971 -1.177953 -0.428971 -1.177953
-0.418683 -1.179906 -0.418683 -1.179906
-0.408378 -1.181769 -0.408378 -1.181769
-0.398057 -1.183543 -0.398057 -1.183543
-0.387721 -1.185226 -0.387721 -1.185226
-0.377371 -1.186819 -0.377371 -1.186819
-0.367008 -1.188322 -0.367008 -1.188322
-0.356631 -1.189734 -0.356631 -1.189734
-0.346243 -1.191055 -0.346243 -1.191055
-0.335844 -1.192286 -0.335844 -1.192286
-0.325434 -1.193426 -0.325434 -1.193426
-0.315015 -1.194475 -0.315015 -1.194475
-0.304587 -1.195434 -0.304587 -1.195434
-0.294151 -1.196301 -0.294151 -1.196301
-0.283708 -1.197077 -0.283708 -1.197077
-0.273258 -1.197762 -0.273258 -1.197762
-0.262803 -1.198355 -0.262803 -1.198355
-0.252343 -1.198858 -0.252343 -1.198858
-0.241879 -1.199269 -0.241879 -1.199269
-0.231412 -1.199589 -0.231412 -1.199589
-0.220943 -1.199817 -0.220943 -1.199817
-0.210472 -1.199954 -0.210472 -1.199954
-0.200000 -1.200000 -0.200000 -1.200000
-0.189528 -1.199954 -0.189528 -1.199954
-0.179057 -1.199817 -0.179057 -1.199817
-0.168588 -1.199589 -0.168588 -1.199589
-0.158121 -1.199269 -0.158121 -1.199269
-0.147657 -1.198858 -0.147657 -1.198858
-0.137197 -1.198355 -0.137197 -1.198355
-0.126742 -1.197762 -0.126742 -1.197762
-0.116292 -1.197077 -0.116292 -1.197077
-0.105849 -1.196301 -0.105849 -1.196301
-0.095413 -1.195434 -0.095413 -1.195434
-0.084985 -1.194475 -0.084985 -1.194475
-0.074566 -1.193426 -0.074566 -1.193426
-0.064156 -1.192286 -0.064156 -1.192286
-0.053757 -1.191055 -0.053757 -1.191055
-0.043369 -1.189734 -0.043369 -1.189734
-0.032992 -1.188322 -0.032992 -1.188322
-0.022629 -1.186819 -0.022629 -1.186819
-0.012279 -1.185226 -0.012279 -1.185226
-0.001943 -1.183543 -0.001943 -1.183543
0.008378 -1.181769 0.008378 -1.181769
0.018683 -1.179906 0.018683 -1.179906
0.028971 -1.177953 0.028971 -1.177953
0.039242 -1.175910 0.039242 -1.175910
0.049494 -1.173777 0.049494 -1.173777
0.059728 -1.171555 0.059728 -1.171555
0.069941 -1.169244 0.069941 -1.169244
0.080134 -1.166844 0.080134 -1.166844
0.090306 -1.164355 0.090306 -1.164355
0.100456 -1.161777 0.100456 -1.161777
0.110583 -1.159111 0.110583 -1.159111
0.120686 -1.156357 0.120686 -1.156357
0.130765 -1.153514 0.130765 -1.153514
0.140818 -1.150584 0.140818 -1.150584
0.150846 -1.147566 0.150846 -1.147566
0.160847 -1.144460 0.160847 -1.144460
0.170820 -1.141268 0.170820 -1.141268
0.180766 -1.137988 0.180766 -1.137988
0.190682 -1.134622 0.190682 -1.134622
0.200568 -1.131170 0.200568 -1.131170
0.210424 -1.127631 0.210424 -1.127631
0.220249 -1.124007 0.220249 -1.124007
0.230042 -1.120297 0.230042 -1.120297
0.239801 -1.116501 0.239801 -1.116501
0.249528 -1.112621 0.249528 -1.112621
0.259220 -1.108655 0.259220 -1.108655
0.268877 -1.104606 0.268877 -1.104606
0.278499 -1.100472 0.278499 -1.100472
0.288084 -1.096255 0.288084 -1.096255
0.297632 -1.091954 0.297632 -1.091954
0.307142 -1.087569 0.307142 -1.087569
0.316613 -1.083102 0.316613 -1.083102
0.326045 -1.078553 0.326045 -1.078553
0.335437 -1.073921 0.335437 -1.073921
0.344789 -1.069208 0.344789 -1.069208
0.354098 -1.064413 0.354098 -1.064413
0.363366 -1.059537 0.363366 -1.059537
0.372591 -1.054581 0.372591 -1.054581
0.381772 -1.049544 0.381772 -1.049544
0.390908 -1.044427 0.390908 -1.044427
0.400000 -1.039230 0.400000 -1.039230
0.409046 -1.033955 0.409046 -1.033955
0.418046 -1.028601 0.418046 -1.028601
0.426998 -1.023168 0.426998 -1.023168
0.435903 -1.017658 0.435903 -1.017658
0.444760 -1.012070 0.444760 -1.012070
0.453567 -1.006405 0.453567 -1.006405
0.462324 -1.000663 0.462324 -1.000663
0.471031 -0.994845 0.471031 -0.994845
0.479687 -0.988951 0.479687 -0.988951
0.488292 -0.982982 0.488292 -0.982982
0.496844 -0.976939 0.496844 -0.976939
0.505342 -0.970820 0.505342 -0.970820
0.513787 -0.964628 0.513787 -0.964628
0.522178 -0.958363 0.522178 -0.958363
0.530514 -0.952024 0.530514 -0.952024
0.538794 -0.945613 0.538794 -0.945613
0.547018 -0.939130 0.547018 -0.939130
0.555184 -0.932575 0.555184 -0.932575
0.563294 -0.925950 0.563294 -0.925950
0.571345 -0.919253 0.571345 -0.919253
0.579338 -0.912487 0.579338 -0.912487
0.587271 -0.905651 0.587271 -0.905651
0.595144 -0.898747 0.595144 -0.898747
0.602957 -0.891774 0.602957 -0.891774
0.610708 -0.884733 0.610708 -0.884733
0.618398 -0.877624 0.618398 -0.877624
0.626025 -0.870449 0.626025 -0.870449
0.633590 -0.863208 0.633590 -0.863208
0.641091 -0.855901 0.641091 -0.855901
0.648528 -0.848528 0.648528 -0.848528
0.655901 -0.841091 0.655901 -0.841091
0.663208 -0.833590 0.663208 -0.833590
0.670449 -0.826025 0.670449 -0.826025
0.677624 -0.818398 0.677624 -0.818398
0.684733 -0.810708 0.684733 -0.810708
0.691774 -0.802957 0.691774 -0.802957
0.698747 -0.795144 0.698747 -0.795144
0.705651 -0.787271 0.705651 -0.787271
0.712487 -0.779338 0.712487 -0.779338
0.719253 -0.771345 0.719253 -0.771345
0.725950 -0.763294 0.725950 -0.763294
0.732575 -0.755184 0.732575 -0.755184
0.739130 -0.747018 0.739130 -0.747018
0.745613 -0.738794 0.745613 -0.738794
0.752024 -0.730514 0.752024 -0.730514
0.758363 -0.722178 0.758363 -0.722178
0.764628 -0.713787 0.764628 -0.713787
0.770820 -0.705342 0.770820 -0.705342
0.776939 -0.696844 0.776939 -0.696844
0.782982 -0.688292 0.782982 -0.688292
0.788951 -0.679687 0.788951 -0.679687
0.794845 -0.671031 0.794845 -0.671031
0.800663 -0.662324 0.800663 -0.662324
0.806405 -0.653567 0.806405 -0.653567
0.812070 -0.644760 0.812070 -0.644760
0.817658 -0.635903 0.817658 -0.635903
0.823168 -0.626998 0.823168 -0.626998
0.828601 -0.618046 0.828601 -0.618046
0.833955 -0.609046 0.833955 -0.609046
0.839230 -0.600000 0.839230 -0.600000
0.844427 -0.590908 0.844427 -0.590908
0.849544 -0.581772 0.849544 -0.581772
0.854581 -0.572591 0.854581 -0.572591
0.859537 -0.563366 0.859537 -0.563366
0.864413 -0.554098 0.864413 -0.554098
0.869208 -0.544789 0.869208 -0.544789
0.873921 -0.535437 0.873921 -0.535437
0.878553 -0.526045 0.878553 -0.526045
0.883102 -0.516613 0.883102 -0.516613
0.887569 -0.507142 0.887569 -0.507142
0.891954 -0.497632 0.891954 -0.497632
0.896255 -0.488084 0.896255 -0.488084
0.900472 -0.478499 0.900472 -0.478499
0.904606 -0.468877 0.904606 -0.468877
0.908655 -0.459220 0.908655 -0.459220
0.912621 -0.449528 0.912621 -0.449528
0.916501 -0.439801 0.916501 -0.439801
0.920297 -0.430042 0.920297 -0.430042
0.924007 -0.420249 0.924007 -0.420249
0.927631 -0.410424 0.927631 -0.410424
0.931170 -0.400568 0.931170 -0.400568
0.934622 -0.390682 0.934622 -0.390682
0.937988 -0.380766 0.937988 -0.380766
0.941268 -0.370820 0.941268 -0.370820
0.944460 -0.360847 0.944460 -0.360847
0.947566 -0.350846 0.947566 -0.350846
0.950584 -0.340818 0.950584 -0.340818
0.953514 -0.330765 0.953514 -0.330765
0.956357 -0.320686 0.956357 -0.320686
0.959111 -0.310583 0.959111 -0.310583
0.961777 -0.300456 0.961777 -0.300456
0.964355 -0.290306 0.964355 -0.290306
0.966844 -0.280134 0.966844 -0.280134
0.969244 -0.269941 0.969244 -0.269941
0.971555 -0.259728 0.971555 -0.259728
0.973777 -0.249494 0.973777 -0.249494
0.975910 -0.239242 0.975910 -0.239242
0.977953 -0.228971 0.977953 -0.228971
0.979906 -0.218683 0.979906 -0.218683
0.981769 -0.208378 0.981769 -0.208378
0.983543 -0.198057 0.983543 -0.198057
0.985226 -0.187721 0.985226 -0.187721
0.986819 -0.177371 0.986819 -0.177371
0.988322 -0.167008 0.988322 -0.167008
0.989734 -0.156631 0.989734 -0.156631
0.991055 -0.146243 0.991055 -0.146243
0.992286 -0.135844 0.992286 -0.135844
0.993426 -0.125434 0.993426 -0.125434
0.994475 -0.115015 0.994475 -0.115015
0.995434 -0.104587 0.995434 -0.104587
0.996301 -0.094151 0.996301 -0.094151
0.997077 -0.083708 0.997077 -0.083708
0.997762 -0.073258 0.997762 -0.073258
0.998355 -0.062803 0.998355 -0.062803
0.998858 -0.052343 0.998858 -0.052343
0.999269 -0.041879 0.999269 -0.041879
0.999589 -0.031412 0.999589 -0.031412
0.999817 -0.020943 0.999817 -0.020943
0.999954 -0.010472 0.999954 -0.010472
1.000000 -0.000000 1.000000 -0.000000
