# Joukowski airfoil case 6
# a = 1, xi0 = -0.3, eta0 = 0, r = 1.3
# x   y   x/a   y/a
2.000000 0.000000 2.000000 0.000000
1.999871 0.000000 1.999871 0.000000
1.999485 0.000003 1.999485 0.000003
1.998842 0.000009 1.998842 0.000009
1.997942 0.000022 1.997942 0.000022
1.996784 0.000042 1.996784 0.000042
1.995371 0.000073 1.995371 0.000073
1.993701 0.000115 1.993701 0.000115
1.991776 0.000172 1.991776 0.000172
1.989596 0.000245 1.989596 0.000245
1.987162 0.000335 1.987162 0.000335
1.984473 0.000446 1.984473 0.000446
1.981532 0.000578 1.981532 0.000578
1.978340 0.000734 1.978340 0.000734
1.974896 0.000916 1.974896 0.000916
1.971202 0.001125 1.971202 0.001125
1.967259 0.001363 1.967259 0.001363
1.963068 0.001632 1.963068 0.001632
1.958630 0.001934 1.958630 0.001934
1.953947 0.002271 1.953947 0.002271
1.949020 0.002644 1.949020 0.002644
1.943851 0.003054 1.943851 0.003054
1.938440 0.003505 1.938440 0.003505
1.932789 0.003996 1.932789 0.003996
1.926901 0.004530 1.926901 0.004530
1.920776 0.005108 1.920776 0.005108
1.914416 0.005732 1.914416 0.005732
1.907823 0.006402 1.907823 0.006402
1.900999 0.007122 1.900999 0.007122
1.893945 0.007891 1.893945 0.007891
1.886664 0.008711 1.886664 0.008711
1.879158 0.009584 1.879158 0.009584
1.871428 0.010510 1.871428 0.010510
1.863476 0.011490 1.863476 0.011490
1.855306 0.012527 1.855306 0.012527
1.846918 0.013621 1.846918 0.013621
1.838315 0.014772 1.838315 0.014772
1.829499 0.015982 1.829499 0.015982
1.820472 0.017253 1.820472 0.017253
1.811237 0.018583 1.811237 0.018583
1.801797 0.019975 1.801797 0.019975
1.792152 0.021430 1.792152 0.021430
1.782307 0.022947 1.782307 0.022947
1.772262 0.024528 1.772262 0.024528
1.762021 0.026173 1.762021 0.026173
1.751587 0.027882 1.751587 0.027882
1.740961 0.029657 1.740961 0.029657
1.730145 0.031498 1.730145 0.031498
1.719144 0.033404 1.719144 0.033404
1.707959 0.035377 1.707959 0.035377
1.696592 0.037416 1.696592 0.037416
1.685047 0.039522 1.685047 0.039522
1.673326 0.041695 1.673326 0.041695
1.661431 0.043936 1.661431 0.043936
1.649365 0.046243 1.649365 0.046243
1.637131 0.048618 1.637131 0.048618
1.624732 0.051060 1.624732 0.051060
1.612170 0.053569 1.612170 0.053569
1.599447 0.056146 1.599447 0.056146
1.586567 0.058789 1.586567 0.058789
1.573531 0.061499 1.573531 0.061499
1.560344 0.064275 1.560344 0.064275
1.547006 0.067117 1.547006 0.067117
1.533522 0.070025 1.533522 0.070025
1.519893 0.072998 1.519893 0.072998
1.506123 0.076036 1.506123 0.076036
1.492213 0.079138 1.492213 0.079138
1.478167 0.082304 1.478167 0.082304
1.463987 0.085533 1.463987 0.085533
1.449676 0.088825 1.449676 0.088825
1.435236 0.092179 1.435236 0.092179
1.420671 0.095595 1.420671 0.095595
1.405981 0.099070 1.405981 0.099070
1.391171 0.102606 1.391171 0.102606
1.376243 0.106200 1.376243 0.106200
1.361198 0.109853 1.361198 0.109853
1.346041 0.113563 1.346041 0.113563
1.330773 0.117329 1.330773 0.117329
1.315396 0.121151 1.315396 0.121151
1.299914 0.125027 1.299914 0.125027
1.284328 0.128956 1.284328 0.128956
1.268642 0.132938 1.268642 0.132938
1.252857 0.136972 1.252857 0.136972
1.236976 0.141055 1.236976 0.141055
1.221001 0.145188 1.221001 0.145188
1.204935 0.149369 1.204935 0.149369
1.188781 0.153596 1.188781 0.153596
1.172539 0.157869 1.172539 0.157869
1.156213 0.162187 1.156213 0.162187
1.139805 0.166548 1.139805 0.166548
1.123317 0.170951 1.123317 0.170951
1.106752 0.175395 1.106752 0.175395
1.090111 0.179878 1.090111 0.179878
1.073398 0.184400 1.073398 0.184400
1.056613 0.188958 1.056613 0.188958
1.039759 0.193552 1.039759 0.193552
1.022838 0.198180 1.022838 0.198180
1.005853 0.202841 1.005853 0.202841
0.988805 0.207534 0.988805 0.207534
0.971697 0.212256 0.971697 0.212256
0.954530 0.217008 0.954530 0.217008
0.937306 0.221786 0.937306 0.221786
0.920028 0.226591 0.920028 0.226591
0.902698 0.231420 0.902698 0.231420
0.885316 0.236272 0.885316 0.236272
0.867886 0.241146 0.867886 0.241146
0.850409 0.246040 0.850409 0.246040
0.832887 0.250953 0.832887 0.250953
0.815321 0.255884 0.815321 0.255884
0.797714 0.260830 0.797714 0.260830
0.780068 0.265791 0.780068 0.265791
0.762383 0.270765 0.762383 0.270765
0.744663 0.275751 0.744663 0.275751
0.726908 0.280746 0.726908 0.280746
0.709120 0.285751 0.709120 0.285751
0.691301 0.290763 0.691301 0.290763
0.673453 0.295780 0.673453 0.295780
0.655577 0.300803 0.655577 0.300803
0.637675 0.305828 0.637675 0.305828
0.619748 0.310854 0.619748 0.310854
0.601799 0.315881 0.601799 0.315881
0.583827 0.320907 0.583827 0.320907
0.565836 0.325930 0.565836 0.325930
0.547826 0.330948 0.547826 0.330948
0.529800 0.335962 0.529800 0.335962
0.511758 0.340968 0.511758 0.340968
0.493701 0.345966 0.493701 0.345966
0.475632 0.350955 0.475632 0.350955
0.457552 0.355932 0.457552 0.355932
0.439462 0.360897 0.439462 0.360897
0.421364 0.365849 0.421364 0.365849
0.403258 0.370785 0.403258 0.370785
0.385147 0.375705 0.385147 0.375705
0.367031 0.380607 0.367031 0.380607
0.348912 0.385490 0.348912 0.385490
0.330791 0.390353 0.330791 0.390353
0.312669 0.395194 0.312669 0.395194
0.294548 0.400012 0.294548 0.400012
0.276429 0.404807 0.276429 0.404807
0.258313 0.409575 0.258313 0.409575
0.240201 0.414317 0.240201 0.414317
0.222095 0.419031 0.222095 0.419031
0.203995 0.423717 0.203995 0.423717
0.185903 0.428371 0.185903 0.428371
0.167820 0.432995 0.167820 0.432995
0.149747 0.437585 0.149747 0.437585
0.131685 0.442142 0.131685 0.442142
0.113635 0.446664 0.113635 0.446664
0.095599 0.451150 0.095599 0.451150
0.077577 0.455598 0.077577 0.455598
0.059571 0.460008 0.059571 0.460008
0.041582 0.464379 0.041582 0.464379
0.023610 0.468709 0.023610 0.468709
0.005656 0.472998 0.005656 0.472998
-0.012278 0.477245 -0.012278 0.477245
-0.030191 0.481447 -0.030191 0.481447
-0.048082 0.485605 -0.048082 0.485605
-0.065951 0.489718 -0.065951 0.489718
-0.083796 0.493784 -0.083796 0.493784
-0.101616 0.497802 -0.101616 0.497802
-0.119411 0.501772 -0.119411 0.501772
-0.137179 0.505692 -0.137179 0.505692
-0.154920 0.509562 -0.154920 0.509562
-0.172633 0.513381 -0.172633 0.513381
-0.190316 0.517148 -0.190316 0.517148
-0.207969 0.520861 -0.207969 0.520861
-0.225590 0.524521 -0.225590 0.524521
-0.243180 0.528126 -0.243180 0.528126
-0.260737 0.531676 -0.260737 0.531676
-0.278260 0.535169 -0.278260 0.535169
-0.295749 0.538605 -0.295749 0.538605
-0.313202 0.541983 -0.313202 0.541983
-0.330618 0.545303 -0.330618 0.545303
-0.347997 0.548563 -0.347997 0.548563
-0.365338 0.551763 -0.365338 0.551763
-0.382641 0.554903 -0.382641 0.554903
-0.399903 0.557980 -0.399903 0.557980
-0.417125 0.560996 -0.417125 0.560996
-0.434306 0.563949 -0.434306 0.563949
-0.451444 0.566838 -0.451444 0.566838
-0.468539 0.569663 -0.468539 0.569663
-0.485591 0.572423 -0.485591 0.572423
-0.502598 0.575118 -0.502598 0.575118
-0.519559 0.577747 -0.519559 0.577747
-0.536474 0.580310 -0.536474 0.580310
-0.553343 0.582806 -0.553343 0.582806
-0.570163 0.585234 -0.570163 0.585234
-0.586936 0.587594 -0.586936 0.587594
-0.603658 0.589885 -0.603658 0.589885
-0.620331 0.592107 -0.620331 0.592107
-0.636953 0.594260 -0.636953 0.594260
-0.653524 0.596342 -0.653524 0.596342
-0.670042 0.598355 -0.670042 0.598355
-0.686507 0.600296 -0.686507 0.600296
-0.702919 0.602166 -0.702919 0.602166
-0.719276 0.603964 -0.719276 0.603964
-0.735577 0.605691 -0.735577 0.605691
-0.751823 0.607344 -0.751823 0.607344
-0.768012 0.608925 -0.768012 0.608925
-0.784144 0.610433 -0.784144 0.610433
-0.800218 0.611868 -0.800218 0.611868
-0.816233 0.613228 -0.816233 0.613228
-0.832188 0.614515 -0.832188 0.614515
-0.848084 0.615727 -0.848084 0.615727
-0.863918 0.616865 -0.863918 0.616865
-0.879691 0.617928 -0.879691 0.617928
-0.895401 0.618915 -0.895401 0.618915
-0.911049 0.619828 -0.911049 0.619828
-0.926633 0.620665 -0.926633 0.620665
-0.942152 0.621426 -0.942152 0.621426
-0.957607 0.622111 -0.957607 0.622111
-0.972996 0.622720 -0.972996 0.622720
-0.988318 0.623253 -0.988318 0.623253
-1.003574 0.623710 -1.003574 0.623710
-1.018762 0.624090 -1.018762 0.624090
-1.033881 0.624393 -1.033881 0.624393
-1.048932 0.624620 -1.048932 0.624620
-1.063913 0.624770 -1.063913 0.624770
-1.078823 0.624844 -1.078823 0.624844
-1.093663 0.624840 -1.093663 0.624840
-1.108431 0.624759 -1.108431 0.624759
-1.123126 0.624601 -1.123126 0.624601
-1.137749 0.624367 -1.137749 0.624367
-1.152299 0.624055 -1.152299 0.624055
-1.166774 0.623666 -1.166774 0.623666
-1.181174 0.623200 -1.181174 0.623200
-1.195499 0.622657 -1.195499 0.622657
-1.209748 0.622037 -1.209748 0.622037
-1.223921 0.621341 -1.223921 0.621341
-1.238016 0.620567 -1.238016 0.620567
-1.252033 0.619717 -1.252033 0.619717
-1.265972 0.618790 -1.265972 0.618790
-1.279831 0.617786 -1.279831 0.617786
-1.293611 0.616706 -1.293611 0.616706
-1.307311 0.615550 -1.307311 0.615550
-1.320929 0.614317 -1.320929 0.614317
-1.334467 0.613008 -1.334467 0.613008
-1.347922 0.611624 -1.347922 0.611624
-1.361294 0.610163 -1.361294 0.610163
-1.374583 0.608627 -1.374583 0.608627
-1.387788 0.607016 -1.387788 0.607016
-1.400909 0.605329 -1.400909 0.605329
-1.413944 0.603568 -1.413944 0.603568
-1.426894 0.601732 -1.426894 0.601732
-1.439758 0.599821 -1.439758 0.599821
-1.452535 0.597836 -1.452535 0.597836
-1.465225 0.595777 -1.465225 0.595777
-1.477827 0.593644 -1.477827 0.593644
-1.490341 0.591437 -1.490341 0.591437
-1.502765 0.589158 -1.502765 0.589158
-1.515100 0.586805 -1.515100 0.586805
-1.527345 0.584380 -1.527345 0.584380
-1.539499 0.581883 -1.539499 0.581883
-1.551562 0.579314 -1.551562 0.579314
-1.563533 0.576672 -1.563533 0.576672
-1.575412 0.573960 -1.575412 0.573960
-1.587198 0.571177 -1.587198 0.571177
-1.598891 0.568323 -1.598891 0.568323
-1.610490 0.565399 -1.610490 0.565399
-1.621995 0.562405 -1.621995 0.562405
-1.633404 0.559341 -1.633404 0.559341
-1.644719 0.556209 -1.644719 0.556209
-1.655937 0.553007 -1.655937 0.553007
-1.667059 0.549738 -1.667059 0.549738
-1.678084 0.546401 -1.678084 0.546401
-1.689012 0.542996 -1.689012 0.542996
-1.699841 0.539524 -1.699841 0.539524
-1.710573 0.535986 -1.710573 0.535986
-1.721205 0.532382 -1.721205 0.532382
-1.731738 0.528712 -1.731738 0.528712
-1.742171 0.524977 -1.742171 0.524977
-1.752504 0.521177 -1.752504 0.521177
-1.762735 0.517313 -1.762735 0.517313
-1.772866 0.513386 -1.772866 0.513386
-1.782895 0.509395 -1.782895 0.509395
-1.792821 0.505342 -1.792821 0.505342
-1.802645 0.501227 -1.802645 0.501227
-1.812366 0.497050 -1.812366 0.497050
-1.821983 0.492812 -1.821983 0.492812
-1.831496 0.488513 -1.831496 0.488513
-1.840905 0.484154 -1.840905 0.484154
-1.850209 0.479736 -1.850209 0.479736
-1.859407 0.475259 -1.859407 0.475259
-1.868500 0.470724 -1.868500 0.470724
-1.877486 0.466131 -1.877486 0.466131
-1.886366 0.461481 -1.886366 0.461481
-1.895139 0.456775 -1.895139 0.456775
-1.903805 0.452012 -1.903805 0.452012
-1.912362 0.447194 -1.912362 0.447194
-1.920812 0.442321 -1.920812 0.442321
-1.929152 0.437395 -1.929152 0.437395
-1.937384 0.432414 -1.937384 0.432414
-1.945507 0.427381 -1.945507 0.427381
-1.953519 0.422296 -1.953519 0.422296
-1.961422 0.417158 -1.961422 0.417158
-1.969213 0.411970 -1.969213 0.411970
-1.976894 0.406732 -1.976894 0.406732
-1.984464 0.401444 -1.984464 0.401444
-1.991922 0.396107 -1.991922 0.396107
-1.999268 0.390721 -1.999268 0.390721
-2.006502 0.385288 -2.006502 0.385288
-2.013623 0.379808 -2.013623 0.379808
-2.020632 0.374282 -2.020632 0.374282
-2.027526 0.368710 -2.027526 0.368710
-2.034307 0.363093 -2.034307 0.363093
-2.040975 0.357431 -2.040975 0.357431
-2.047528 0.351727 -2.047528 0.351727
-2.053966 0.345979 -2.053966 0.345979
-2.060289 0.340189 -2.060289 0.340189
-2.066497 0.334358 -2.066497 0.334358
-2.072590 0.328486 -2.072590 0.328486
-2.078567 0.322575 -2.078567 0.322575
-2.084428 0.316624 -2.084428 0.316624
-2.090172 0.310634 -2.090172 0.310634
-2.095800 0.304607 -2.095800 0.304607
-2.101310 0.298543 -2.101310 0.298543
-2.106704 0.292442 -2.106704 0.292442
-2.111980 0.286306 -2.111980 0.286306
-2.117139 0.280136 -2.117139 0.280136
-2.122179 0.273931 -2.122179 0.273931
-2.127102 0.267693 -2.127102 0.267693
-2.131906 0.261422 -2.131906 0.261422
-2.136591 0.255120 -2.136591 0.255120
-2.141157 0.248787 -2.141157 0.248787
-2.145604 0.242424 -2.145604 0.242424
-2.149932 0.236031 -2.149932 0.236031
-2.154141 0.229610 -2.154141 0.229610
-2.158230 0.223161 -2.158230 0.223161
-2.162198 0.216685 -2.162198 0.216685
-2.166047 0.210182 -2.166047 0.210182
-2.169776 0.203654 -2.169776 0.203654
-2.173383 0.197102 -2.173383 0.197102
-2.176871 0.190525 -2.176871 0.190525
-2.180237 0.183926 -2.180237 0.183926
-2.183483 0.177304 -2.183483 0.177304
-2.186607 0.170661 -2.186607 0.170661
-2.189610 0.163997 -2.189610 0.163997
-2.192491 0.157314 -2.192491 0.157314
-2.195251 0.150611 -2.195251 0.150611
-2.197890 0.143890 -2.197890 0.143890
-2.200406 0.137152 -2.200406 0.137152
-2.202800 0.130397 -2.202800 0.130397
-2.205073 0.123626 -2.205073 0.123626
-2.207223 0.116841 -2.207223 0.116841
-2.209251 0.110041 -2.209251 0.110041
-2.211156 0.103228 -2.211156 0.103228
-2.212939 0.096402 -2.212939 0.096402
-2.214599 0.089565 -2.214599 0.089565
-2.216137 0.082717 -2.216137 0.082717
-2.217552 0.075859 -2.217552 0.075859
-2.218844 0.068992 -2.218844 0.068992
-2.220013 0.062117 -2.220013 0.062117
-2.221060 0.055234 -2.221060 0.055234
-2.221983 0.048344 -2.221983 0.048344
-2.222783 0.041449 -2.222783 0.041449
-2.223461 0.034548 -2.223461 0.034548
-2.224015 0.027644 -2.224015 0.027644
-2.224446 0.020736 -2.224446 0.020736
-2.224754 0.013825 -2.224754 0.013825
-2.224938 0.006913 -2.224938 0.006913
-2.225000 0.000000 -2.225000 0.000000
-2.224938 -0.006913 -2.224938 -0.006913
-2.224754 -0.013825 -2.224754 -0.013825
-2.224446 -0.020736 -2.224446 -0.020736
-2.224015 -0.027644 -2.224015 -0.027644
-2.223461 -0.034548 -2.223461 -0.034548
-2.222783 -0.041449 -2.222783 -0.041449
-2.221983 -0.048344 -2.221983 -0.048344
-2.221060 -0.055234 -2.221060 -0.055234
-2.220013 -0.062117 -2.220013 -0.062117
-2.218844 -0.068992 -2.218844 -0.068992
-2.217552 -0.075859 -2.217552 -0.075859
-2.216137 -0.082717 -2.216137 -0.082717
-2.214599 -0.089565 -2.214599 -0.089565
-2.212939 -0.096402 -2.212939 -0.096402
-2.211156 -0.103228 -2.211156 -0.103228
-2.209251 -0.110041 -2.209251 -0.110041
-2.207223 -0.116841 -2.207223 -0.116841
-2.205073 -0.123626 -2.205073 -0.123626
-2.202800 -0.130397 -2.202800 -0.130397
-2.200406 -0.137152 -2.200406 -0.137152
-2.197890 -0.143890 -2.197890 -0.143890
-2.195251 -0.150611 -2.195251 -0.150611
-2.192491 -0.157314 -2.192491 -0.157314
-2.189610 -0.163997 -2.189610 -0.163997
-2.186607 -0.170661 -2.186607 -0.170661
-2.183483 -0.177304 -2.183483 -0.177304
-2.180237 -0.183926 -2.180237 -0.183926
-2.176871 -0.190525 -2.176871 -0.190525
-2.173383 -0.197102 -2.173383 -0.197102
-2.169776 -0.203654 -2.169776 -0.203654
-2.166047 -0.210182 -2.166047 -0.210182
-2.162198 -0.216685 -2.162198 -0.216685
-2.158230 -0.223161 -2.158230 -0.223161
-2.154141 -0.229610 -2.154141 -0.229610
-2.149932 -0.236031 -2.149932 -0.236031
-2.145604 -0.242424 -2.145604 -0.242424
-2.141157 -0.248787 -2.141157 -0.248787
-2.136591 -0.255120 -2.136591 -0.255120
-2.131906 -0.261422 -2.131906 -0.261422
-2.127102 -0.267693 -2.127102 -0.267693
-2.122179 -0.273931 -2.122179 -0.273931
-2.117139 -0.280136 -2.117139 -0.280136
-2.111980 -0.286306 -2.111980 -0.286306
-2.106704 -0.292442 -2.106704 -0.292442
-2.101310 -0.298543 -2.101310 -0.298543
-2.095800 -0.304607 -2.095800 -0.304607
-2.090172 -0.310634 -2.090172 -0.310634
-2.084428 -0.316624 -2.084428 -0.316624
-2.078567 -0.322575 -2.078567 -0.322575
-2.072590 -0.328486 -2.072590 -0.328486
-2.066497 -0.334358 -2.066497 -0.334358
-2.060289 -0.340189 -2.060289 -0.340189
-2.053966 -0.345979 -2.053966 -0.345979
-2.047528 -0.351727 -2.047528 -0.351727
-2.040975 -0.357431 -2.040975 -0.357431
-2.034307 -0.363093 -2.034307 -0.363093
-2.027526 -0.368710 -2.027526 -0.368710
-2.020632 -0.374282 -2.020632 -0.374282
-2.013623 -0.379808 -2.013623 -0.379808
-2.006502 -0.385288 -2.006502 -0.385288
-1.999268 -0.390721 -1.999268 -0.390721
-1.991922 -0.396107 -1.991922 -0.396107
-1.984464 -0.401444 -1.984464 -0.401444
-1.976894 -0.406732 -1.976894 -0.406732
-1.969213 -0.411970 -1.969213 -0.411970
-1.961422 -0.417158 -1.961422 -0.417158
-1.953519 -0.422296 -1.953519 -0.422296
-1.945507 -0.427381 -1.945507 -0.427381
-1.937384 -0.432414 -1.937384 -0.432414
-1.929152 -0.437395 -1.929152 -0.437395
-1.920812 -0.442321 -1.920812 -0.442321
-1.912362 -0.447194 -1.912362 -0.447194
-1.903805 -0.452012 -1.903805 -0.452012
-1.895139 -0.456775 -1.895139 -0.456775
-1.886366 -0.461481 -1.886366 -0.461481
-1.877486 -0.466131 -1.877486 -0.466131
-1.868500 -0.470724 -1.868500 -0.470724
-1.859407 -0.475259 -1.859407 -0.475259
-1.850209 -0.479736 -1.850209 -0.479736
-1.840905 -0.484154 -1.840905 -0.484154
-1.831496 -0.488513 -1.831496 -0.488513
-1.821983 -0.492812 -1.821983 -0.492812
-1.812366 -0.497050 -1.812366 -0.497050
-1.802645 -0.501227 -1.802645 -0.501227
-1.792821 -0.505342 -1.792821 -0.505342
-1.782895 -0.509395 -1.782895 -0.509395
-1.772866 -0.513386 -1.772866 -0.513386
-1.762735 -0.517313 -1.762735 -0.517313
-1.752504 -0.521177 -1.752504 -0.521177
-1.742171 -0.524977 -1.742171 -0.524977
-1.731738 -0.528712 -1.731738 -0.528712
-1.721205 -0.532382 -1.721205 -0.532382
-1.710573 -0.535986 -1.710573 -0.535986
-1.699841 -0.539524 -1.699841 -0.539524
-1.689012 -0.542996 -1.689012 -0.542996
-1.678084 -0.546401 -1.678084 -0.546401
-1.667059 -0.549738 -1.667059 -0.549738
-1.655937 -0.553007 -1.655937 -0.553007
-1.644719 -0.556209 -1.644719 -0.556209
-1.633404 -0.559341 -1.633404 -0.559341
-1.621995 -0.562405 -1.621995 -0.562405
-1.610490 -0.565399 -1.610490 -0.565399
-1.598891 -0.568323 -1.598891 -0.568323
-1.587198 -0.571177 -1.587198 -0.571177
-1.575412 -0.573960 -1.575412 -0.573960
-1.563533 -0.576672 -1.563533 -0.576672
-1.551562 -0.579314 -1.551562 -0.579314
-1.539499 -0.581883 -1.539499 -0.581883
-1.527345 -0.584380 -1.527345 -0.584380
-1.515100 -0.586805 -1.515100 -0.586805
-1.502765 -0.589158 -1.502765 -0.589158
-1.490341 -0.591437 -1.490341 -0.591437
-1.477827 -0.593644 -1.477827 -0.593644
-1.465225 -0.595777 -1.465225 -0.595777
-1.452535 -0.597836 -1.452535 -0.597836
-1.439758 -0.599821 -1.439758 -0.599821
-1.426894 -0.601732 -1.426894 -0.601732
-1.413944 -0.603568 -1.413944 -0.603568
-1.400909 -0.605329 -1.400909 -0.605329
-1.387788 -0.607016 -1.387788 -0.607016
-1.374583 -0.608627 -1.374583 -0.608627
-1.361294 -0.610163 -1.361294 -0.610163
-1.347922 -0.611624 -1.347922 -0.611624
-1.334467 -0.613008 -1.334467 -0.613008
-1.320929 -0.614317 -1.320929 -0.614317
-1.307311 -0.615550 -1.307311 -0.615550
-1.293611 -0.616706 -1.293611 -0.616706
-1.279831 -0.617786 -1.279831 -0.617786
-1.265972 -0.618790 -1.265972 -0.618790
-1.252033 -0.619717 -1.252033 -0.619717
-1.238016 -0.620567 -1.238016 -0.620567
-1.223921 -0.621341 -1.223921 -0.621341
-1.209748 -0.622037 -1.209748 -0.622037
-1.195499 -0.622657 -1.195499 -0.622657
-1.181174 -0.623200 -1.181174 -0.623200
-1.166774 -0.623666 -1.166774 -0.623666
-1.152299 -0.624055 -1.152299 -0.624055
-1.137749 -0.624367 -1.137749 -0.624367
-1.123126 -0.624601 -1.123126 -0.624601
-1.108431 -0.624759 -1.108431 -0.624759
-1.093663 -0.624840 -1.093663 -0.624840
-1.078823 -0.624844 -1.078823 -0.624844
-1.063913 -0.624770 -1.063913 -0.624770
-1.048932 -0.624620 -1.048932 -0.624620
-1.033881 -0.624393 -1.033881 -0.624393
-1.018762 -0.624090 -1.018762 -0.624090
-1.003574 -0.623710 -1.003574 -0.623710
-0.988318 -0.623253 -0.988318 -0.623253
-0.972996 -0.622720 -0.972996 -0.622720
-0.957607 -0.622111 -0.957607 -0.622111
-0.942152 -0.621426 -0.942152 -0.621426
-0.926633 -0.620665 -0.926633 -0.620665
-0.911049 -0.619828 -0.911049 -0.619828
-0.895401 -0.618915 -0.895401 -0.618915
-0.879691 -0.617928 -0.879691 -0.617928
-0.863918 -0.616865 -0.863918 -0.616865
-0.848084 -0.615727 -0.848084 -0.615727
-0.832188 -0.614515 -0.832188 -0.614515
-0.816233 -0.613228 -0.816233 -0.613228
-0.800218 -0.611868 -0.800218 -0.611868
-0.784144 -0.610433 -0.784144 -0.610433
-0.768012 -0.608925 -0.768012 -0.608925
-0.751823 -0.607344 -0.751823 -0.607344
-0.735577 -0.605691 -0.735577 -0.605691
-0.719276 -0.603964 -0.719276 -0.603964
-0.702919 -0.602166 -0.702919 -0.602166
-0.686507 -0.600296 -0.686507 -0.600296
-0.670042 -0.598355 -0.670042 -0.598355
-0.653524 -0.596342 -0.653524 -0.596342
-0.636953 -0.594260 -0.636953 -0.594260
-0.620331 -0.592107 -0.620331 -0.592107
-0.603658 -0.589885 -0.603658 -0.589885
-0.586936 -0.587594 -0.586936 -0.587594
-0.570163 -0.585234 -0.570163 -0.585234
-0.553343 -0.582806 -0.553343 -0.582806
-0.536474 -0.580310 -0.536474 -0.580310
-0.519559 -0.577747 -0.519559 -0.577747
-0.502598 -0.575118 -0.502598 -0.575118
-0.485591 -0.572423 -0.485591 -0.572423
-0.468539 -0.569663 -0.468539 -0.569663
-0.451444 -0.566838 -0.451444 -0.566838
-0.434306 -0.563949 -0.434306 -0.563949
-0.417125 -0.560996 -0.417125 -0.560996
-0.399903 -0.557980 -0.399903 -0.557980
-0.382641 -0.554903 -0.382641 -0.554903
-0.365338 -0.551763 -0.365338 -0.551763
-0.347997 -0.548563 -0.347997 -0.548563
-0.330618 -0.545303 -0.330618 -0.545303
-0.313202 -0.541983 -0.313202 -0.541983
-0.295749 -0.538605 -0.295749 -0.538605
-0.278260 -0.535169 -0.278260 -0.535169
-0.260737 -0.531676 -0.260737 -0.531676
-0.243180 -0.528126 -0.243180 -0.528126
-0.225590 -0.524521 -0.225590 -0.524521
-0.207969 -0.520861 -0.207969 -0.520861
-0.190316 -0.517148 -0.190316 -0.517148
-0.172633 -0.513381 -0.172633 -0.513381
-0.154920 -0.509562 -0.154920 -0.509562
-0.137179 -0.505692 -0.137179 -0.505692
-0.119411 -0.501772 -0.119411 -0.501772
-0.101616 -0.497802 -0.101616 -0.497802
-0.083796 -0.493784 -0.083796 -0.493784
-0.065951 -0.489718 -0.065951 -0.489718
-0.048082 -0.485605 -0.048082 -0.485605
-0.030191 -0.481447 -0.030191 -0.481447
-0.012278 -0.477245 -0.012278 -0.477245
0.005656 -0.472998 0.005656 -0.472998
0.023610 -0.468709 0.023610 -0.468709
0.041582 -0.464379 0.041582 -0.464379
0.059571 -0.460008 0.059571 -0.460008
0.077577 -0.455598 0.077577 -0.455598
0.095599 -0.451150 0.095599 -0.451150
0.113635 -0.446664 0.113635 -0.446664
0.131685 -0.442142 0.131685 -0.442142
0.149747 -0.437585 0.149747 -0.437585
0.167820 -0.432995 0.167820 -0.432995
0.185903 -0.428371 0.185903 -0.428371
0.203995 -0.423717 0.203995 -0.423717
0.222095 -0.419031 0.222095 -0.419031
0.240201 -0.414317 0.240201 -0.414317
0.258313 -0.409575 0.258313 -0.409575
0.276429 -0.404807 0.276429 -0.404807
0.294548 -0.400012 0.294548 -0.400012
0.312669 -0.395194 0.312669 -0.395194
0.330791 -0.390353 0.330791 -0.390353
0.348912 -0.385490 0.348912 -0.385490
0.367031 -0.380607 0.367031 -0.380607
0.385147 -0.375705 0.385147 -0.375705
0.403258 -0.370785 0.403258 -0.370785
0.421364 -0.365849 0.421364 -0.365849
0.439462 -0.360897 0.439462 -0.360897
0.457552 -0.355932 0.457552 -0.355932
0.475632 -0.350955 0.475632 -0.350955
0.493701 -0.345966 0.493701 -0.345966
0.511758 -0.340968 0.511758 -0.340968
0.529800 -0.335962 0.529800 -0.335962
0.547826 -0.330948 0.547826 -0.330948
0.565836 -0.325930 0.565836 -0.325930
0.583827 -0.320907 0.583827 -0.320907
0.601799 -0.315881 0.601799 -0.315881
0.619748 -0.310854 0.619748 -0.310854
0.637675 -0.305828 0.637675 -0.305828
0.655577 -0.300803 0.655577 -0.300803
0.673453 -0.295780 0.673453 -0.295780
0.691301 -0.290763 0.691301 -0.290763
0.709120 -0.285751 0.709120 -0.285751
0.726908 -0.280746 0.726908 -0.280746
0.744663 -0.275751 0.744663 -0.275751
0.762383 -0.270765 0.762383 -0.270765
0.780068 -0.265791 0.780068 -0.265791
0.797714 -0.260830 0.797714 -0.260830
0.815321 -0.255884 0.815321 -0.255884
0.832887 -0.250953 0.832887 -0.250953
0.850409 -0.246040 0.850409 -0.246040
0.867886 -0.241146 0.867886 -0.241146
0.885316 -0.236272 0.885316 -0.236272
0.902698 -0.231420 0.902698 -0.231420
0.920028 -0.226591 0.920028 -0.226591
0.937306 -0.221786 0.937306 -0.221786
0.954530 -0.217008 0.954530 -0.217008
0.971697 -0.212256 0.971697 -0.212256
0.988805 -0.207534 0.988805 -0.207534
1.005853 -0.202841 1.005853 -0.202841
1.022838 -0.198180 1.022838 -0.198180
1.039759 -0.193552 1.039759 -0.193552
1.056613 -0.188958 1.056613 -0.188958
1.073398 -0.184400 1.073398 -0.184400
1.090111 -0.179878 1.090111 -0.179878
1.106752 -0.175395 1.106752 -0.175395
1.123317 -0.170951 1.123317 -0.170951
1.139805 -0.166548 1.139805 -0.166548
1.156213 -0.162187 1.156213 -0.162187
1.172539 -0.157869 1.172539 -0.157869
1.188781 -0.153596 1.188781 -0.153596
1.204935 -0.149369 1.204935 -0.149369
1.221001 -0.145188 1.221001 -0.145188
1.236976 -0.141055 1.236976 -0.141055
1.252857 -0.136972 1.252857 -0.136972
1.268642 -0.132938 1.268642 -0.132938
1.284328 -0.128956 1.284328 -0.128956
1.299914 -0.125027 1.299914 -0.125027
1.315396 -0.121151 1.315396 -0.121151
1.330773 -0.117329 1.330773 -0.117329
1.346041 -0.113563 1.346041 -0.113563
1.361198 -0.109853 1.361198 -0.109853
1.376243 -0.106200 1.376243 -0.106200
1.391171 -0.102606 1.391171 -0.102606
1.405981 -0.099070 1.405981 -0.099070
1.420671 -0.095595 1.420671 -0.095595
1.435236 -0.092179 1.435236 -0.092179
1.449676 -0.088825 1.449676 -0.088825
1.463987 -0.085533 1.463987 -0.085533
1.478167 -0.082304 1.478167 -0.082304
1.492213 -0.079138 1.492213 -0.079138
1.506123 -0.076036 1.506123 -0.076036
1.519893 -0.072998 1.519893 -0.072998
1.533522 -0.070025 1.533522 -0.070025
1.547006 -0.067117 1.547006 -0.067117
1.560344 -0.064275 1.560344 -0.064275
1.573531 -0.061499 1.573531 -0.061499
1.586567 -0.058789 1.586567 -0.058789
1.599447 -0.056146 1.599447 -0.056146
1.612170 -0.053569 1.612170 -0.053569
1.624732 -0.051060 1.624732 -0.051060
1.637131 -0.048618 1.637131 -0.048618
1.649365 -0.046243 1.649365 -0.046243
1.661431 -0.043936 1.661431 -0.043936
1.673326 -0.041695 1.673326 -0.041695
1.685047 -0.039522 1.685047 -0.039522
1.696592 -0.037416 1.696592 -0.037416
1.707959 -0.035377 1.707959 -0.035377
1.719144 -0.033404 1.719144 -0.033404
1.730145 -0.031498 1.730145 -0.031498
1.740961 -0.029657 1.740961 -0.029657
1.751587 -0.027882 1.751587 -0.027882
1.762021 -0.026173 1.762021 -0.026173
1.772262 -0.024528 1.772262 -0.024528
1.782307 -0.022947 1.782307 -0.022947
1.792152 -0.021430 1.792152 -0.021430
1.801797 -0.019975 1.801797 -0.019975
1.811237 -0.018583 1.811237 -0.018583
1.820472 -0.017253 1.820472 -0.017253
1.829499 -0.015982 1.829499 -0.015982
1.838315 -0.014772 1.838315 -0.014772
1.846918 -0.013621 1.846918 -0.013621
1.855306 -0.012527 1.855306 -0.012527
1.863476 -0.011490 1.863476 -0.011490
1.871428 -0.010510 1.871428 -0.010510
1.879158 -0.009584 1.879158 -0.009584
1.886664 -0.008711 1.886664 -0.008711
1.893945 -0.007891 1.893945 -0.007891
1.900999 -0.007122 1.900999 -0.007122
1.907823 -0.006402 1.907823 -0.006402
1.914416 -0.005732 1.914416 -0.005732
1.920776 -0.005108 1.920776 -0.005108
1.926901 -0.004530 1.926901 -0.004530
1.932789 -0.003996 1.932789 -0.003996
1.938440 -0.003505 1.938440 -0.003505
1.943851 -0.003054 1.943851 -0.003054
1.949020 -0.002644 1.949020 -0.002644
1.953947 -0.002271 1.953947 -0.002271
1.958630 -0.001934 1.958630 -0.001934
1.963068 -0.001632 1.963068 -0.001632
1.967259 -0.001363 1.967259 -0.001363
1.971202 -0.001125 1.971202 -0.001125
1.974896 -0.000916 1.974896 -0.000916
1.978340 -0.000734 1.978340 -0.000734
1.981532 -0.000578 1.981532 -0.000578
1.984473 -0.000446 1.984473 -0.000446
1.987162 -0.000335 1.987162 -0.000335
1.989596 -0.000245 1.989596 -0.000245
1.991776 -0.000172 1.991776 -0.000172
1.993701 -0.000115 1.993701 -0.000115
1.995371 -0.000073 1.995371 -0.000073
1.996784 -0.000042 1.996784 -0.000042
1.997942 -0.000022 1.997942 -0.000022
1.998842 -0.000009 1.998842 -0.000009
1.999485 -0.000003 1.999485 -0.000003
1.999871 -0.000000 1.999871 -0.000000
2.000000 -0.000000 2.000000 -0.000000
