# x rho u p
0.0005000000 1.0000000000 0.0000000000 1.0000000000
0.0015000000 1.0000000000 0.0000000000 1.0000000000
0.0025000000 1.0000000000 0.0000000000 1.0000000000
0.0035000000 1.0000000000 0.0000000000 1.0000000000
0.0045000000 1.0000000000 0.0000000000 1.0000000000
0.0055000000 1.0000000000 0.0000000000 1.0000000000
0.0065000000 1.0000000000 0.0000000000 1.0000000000
0.0075000000 1.0000000000 0.0000000000 1.0000000000
0.0085000000 1.0000000000 0.0000000000 1.0000000000
0.0095000000 1.0000000000 0.0000000000 1.0000000000
0.0105000000 1.0000000000 0.0000000000 1.0000000000
0.0115000000 1.0000000000 0.0000000000 1.0000000000
0.0125000000 1.0000000000 0.0000000000 1.0000000000
0.0135000000 1.0000000000 0.0000000000 1.0000000000
0.0145000000 1.0000000000 0.0000000000 1.0000000000
0.0155000000 1.0000000000 0.0000000000 1.0000000000
0.0165000000 1.0000000000 0.0000000000 1.0000000000
0.0175000000 1.0000000000 0.0000000000 1.0000000000
0.0185000000 1.0000000000 0.0000000000 1.0000000000
0.0195000000 1.0000000000 0.0000000000 1.0000000000
0.0205000000 1.0000000000 0.0000000000 1.0000000000
0.0215000000 1.0000000000 0.0000000000 1.0000000000
0.0225000000 1.0000000000 0.0000000000 1.0000000000
0.0235000000 1.0000000000 0.0000000000 1.0000000000
0.0245000000 1.0000000000 0.0000000000 1.0000000000
0.0255000000 1.0000000000 0.0000000000 1.0000000000
0.0265000000 1.0000000000 0.0000000000 1.0000000000
0.0275000000 1.0000000000 0.0000000000 1.0000000000
0.0285000000 1.0000000000 0.0000000000 1.0000000000
0.0295000000 1.0000000000 0.0000000000 1.0000000000
0.0305000000 1.0000000000 0.0000000000 1.0000000000
0.0315000000 1.0000000000 0.0000000000 1.0000000000
0.0325000000 1.0000000000 0.0000000000 1.0000000000
0.0335000000 1.0000000000 0.0000000000 1.0000000000
0.0345000000 1.0000000000 0.0000000000 1.0000000000
0.0355000000 1.0000000000 0.0000000000 1.0000000000
0.0365000000 1.0000000000 0.0000000000 1.0000000000
0.0375000000 1.0000000000 0.0000000000 1.0000000000
0.0385000000 1.0000000000 0.0000000000 1.0000000000
0.0395000000 1.0000000000 0.0000000000 1.0000000000
0.0405000000 1.0000000000 0.0000000000 1.0000000000
0.0415000000 1.0000000000 0.0000000000 1.0000000000
0.0425000000 1.0000000000 0.0000000000 1.0000000000
0.0435000000 1.0000000000 0.0000000000 1.0000000000
0.0445000000 1.0000000000 0.0000000000 1.0000000000
0.0455000000 1.0000000000 0.0000000000 1.0000000000
0.0465000000 1.0000000000 0.0000000000 1.0000000000
0.0475000000 1.0000000000 0.0000000000 1.0000000000
0.0485000000 1.0000000000 0.0000000000 1.0000000000
0.0495000000 1.0000000000 0.0000000000 1.0000000000
0.0505000000 1.0000000000 0.0000000000 1.0000000000
0.0515000000 1.0000000000 0.0000000000 1.0000000000
0.0525000000 1.0000000000 0.0000000000 1.0000000000
0.0535000000 1.0000000000 0.0000000000 1.0000000000
0.0545000000 1.0000000000 0.0000000000 1.0000000000
0.0555000000 1.0000000000 0.0000000000 1.0000000000
0.0565000000 1.0000000000 0.0000000000 1.0000000000
0.0575000000 1.0000000000 0.0000000000 1.0000000000
0.0585000000 1.0000000000 0.0000000000 1.0000000000
0.0595000000 1.0000000000 0.0000000000 1.0000000000
0.0605000000 1.0000000000 0.0000000000 1.0000000000
0.0615000000 1.0000000000 0.0000000000 1.0000000000
0.0625000000 1.0000000000 0.0000000000 1.0000000000
0.0635000000 1.0000000000 0.0000000000 1.0000000000
0.0645000000 1.0000000000 0.0000000000 1.0000000000
0.0655000000 1.0000000000 0.0000000000 1.0000000000
0.0665000000 1.0000000000 0.0000000000 1.0000000000
0.0675000000 1.0000000000 0.0000000000 1.0000000000
0.0685000000 1.0000000000 0.0000000000 1.0000000000
0.0695000000 1.0000000000 0.0000000000 1.0000000000
0.0705000000 1.0000000000 0.0000000000 1.0000000000
0.0715000000 1.0000000000 0.0000000000 1.0000000000
0.0725000000 1.0000000000 0.0000000000 1.0000000000
0.0735000000 1.0000000000 0.0000000000 1.0000000000
0.0745000000 1.0000000000 0.0000000000 1.0000000000
0.0755000000 1.0000000000 0.0000000000 1.0000000000
0.0765000000 1.0000000000 0.0000000000 1.0000000000
0.0775000000 1.0000000000 0.0000000000 1.0000000000
0.0785000000 1.0000000000 0.0000000000 1.0000000000
0.0795000000 1.0000000000 0.0000000000 1.0000000000
0.0805000000 1.0000000000 0.0000000000 1.0000000000
0.0815000000 1.0000000000 0.0000000000 1.0000000000
0.0825000000 1.0000000000 0.0000000000 1.0000000000
0.0835000000 1.0000000000 0.0000000000 1.0000000000
0.0845000000 1.0000000000 0.0000000000 1.0000000000
0.0855000000 1.0000000000 0.0000000000 1.0000000000
0.0865000000 1.0000000000 0.0000000000 1.0000000000
0.0875000000 1.0000000000 0.0000000000 1.0000000000
0.0885000000 1.0000000000 0.0000000000 1.0000000000
0.0895000000 1.0000000000 0.0000000000 1.0000000000
0.0905000000 1.0000000000 0.0000000000 1.0000000000
0.0915000000 1.0000000000 0.0000000000 1.0000000000
0.0925000000 1.0000000000 0.0000000000 1.0000000000
0.0935000000 1.0000000000 0.0000000000 1.0000000000
0.0945000000 1.0000000000 0.0000000000 1.0000000000
0.0955000000 1.0000000000 0.0000000000 1.0000000000
0.0965000000 1.0000000000 0.0000000000 1.0000000000
0.0975000000 1.0000000000 0.0000000000 1.0000000000
0.0985000000 1.0000000000 0.0000000000 1.0000000000
0.0995000000 1.0000000000 0.0000000000 1.0000000000
0.1005000000 1.0000000000 0.0000000000 1.0000000000
0.1015000000 1.0000000000 0.0000000000 1.0000000000
0.1025000000 1.0000000000 0.0000000000 1.0000000000
0.1035000000 1.0000000000 0.0000000000 1.0000000000
0.1045000000 1.0000000000 0.0000000000 1.0000000000
0.1055000000 1.0000000000 0.0000000000 1.0000000000
0.1065000000 1.0000000000 0.0000000000 1.0000000000
0.1075000000 1.0000000000 0.0000000000 1.0000000000
0.1085000000 1.0000000000 0.0000000000 1.0000000000
0.1095000000 1.0000000000 0.0000000000 1.0000000000
0.1105000000 1.0000000000 0.0000000000 1.0000000000
0.1115000000 1.0000000000 0.0000000000 1.0000000000
0.1125000000 1.0000000000 0.0000000000 1.0000000000
0.1135000000 1.0000000000 0.0000000000 1.0000000000
0.1145000000 1.0000000000 0.0000000000 1.0000000000
0.1155000000 1.0000000000 0.0000000000 1.0000000000
0.1165000000 1.0000000000 0.0000000000 1.0000000000
0.1175000000 1.0000000000 0.0000000000 1.0000000000
0.1185000000 1.0000000000 0.0000000000 1.0000000000
0.1195000000 1.0000000000 0.0000000000 1.0000000000
0.1205000000 1.0000000000 0.0000000000 1.0000000000
0.1215000000 1.0000000000 0.0000000000 1.0000000000
0.1225000000 1.0000000000 0.0000000000 1.0000000000
0.1235000000 1.0000000000 0.0000000000 1.0000000000
0.1245000000 1.0000000000 0.0000000000 1.0000000000
0.1255000000 1.0000000000 0.0000000000 1.0000000000
0.1265000000 1.0000000000 0.0000000000 1.0000000000
0.1275000000 1.0000000000 0.0000000000 1.0000000000
0.1285000000 1.0000000000 0.0000000000 1.0000000000
0.1295000000 1.0000000000 0.0000000000 1.0000000000
0.1305000000 1.0000000000 0.0000000000 1.0000000000
0.1315000000 1.0000000000 0.0000000000 1.0000000000
0.1325000000 1.0000000000 0.0000000000 1.0000000000
0.1335000000 1.0000000000 0.0000000000 1.0000000000
0.1345000000 1.0000000000 0.0000000000 1.0000000000
0.1355000000 1.0000000000 0.0000000000 1.0000000000
0.1365000000 1.0000000000 0.0000000000 1.0000000000
0.1375000000 1.0000000000 0.0000000000 1.0000000000
0.1385000000 1.0000000000 0.0000000000 1.0000000000
0.1395000000 1.0000000000 0.0000000000 1.0000000000
0.1405000000 1.0000000000 0.0000000000 1.0000000000
0.1415000000 1.0000000000 0.0000000000 1.0000000000
0.1425000000 1.0000000000 0.0000000000 1.0000000000
0.1435000000 1.0000000000 0.0000000000 1.0000000000
0.1445000000 1.0000000000 0.0000000000 1.0000000000
0.1455000000 1.0000000000 0.0000000000 1.0000000000
0.1465000000 1.0000000000 0.0000000000 1.0000000000
0.1475000000 1.0000000000 0.0000000000 1.0000000000
0.1485000000 1.0000000000 0.0000000000 1.0000000000
0.1495000000 1.0000000000 0.0000000000 1.0000000000
0.1505000000 1.0000000000 0.0000000000 1.0000000000
0.1515000000 1.0000000000 0.0000000000 1.0000000000
0.1525000000 1.0000000000 0.0000000000 1.0000000000
0.1535000000 1.0000000000 0.0000000000 1.0000000000
0.1545000000 1.0000000000 0.0000000000 1.0000000000
0.1555000000 1.0000000000 0.0000000000 1.0000000000
0.1565000000 1.0000000000 0.0000000000 1.0000000000
0.1575000000 1.0000000000 0.0000000000 1.0000000000
0.1585000000 1.0000000000 0.0000000000 1.0000000000
0.1595000000 1.0000000000 0.0000000000 1.0000000000
0.1605000000 1.0000000000 0.0000000000 1.0000000000
0.1615000000 1.0000000000 0.0000000000 1.0000000000
0.1625000000 1.0000000000 0.0000000000 1.0000000000
0.1635000000 1.0000000000 0.0000000000 1.0000000000
0.1645000000 1.0000000000 0.0000000000 1.0000000000
0.1655000000 1.0000000000 0.0000000000 1.0000000000
0.1665000000 1.0000000000 0.0000000000 1.0000000000
0.1675000000 1.0000000000 0.0000000000 1.0000000000
0.1685000000 1.0000000000 0.0000000000 1.0000000000
0.1695000000 1.0000000000 0.0000000000 1.0000000000
0.1705000000 1.0000000000 0.0000000000 1.0000000000
0.1715000000 1.0000000000 0.0000000000 1.0000000000
0.1725000000 1.0000000000 0.0000000000 1.0000000000
0.1735000000 1.0000000000 0.0000000000 1.0000000000
0.1745000000 1.0000000000 0.0000000000 1.0000000000
0.1755000000 1.0000000000 0.0000000000 1.0000000000
0.1765000000 1.0000000000 0.0000000000 1.0000000000
0.1775000000 1.0000000000 0.0000000000 1.0000000000
0.1785000000 1.0000000000 0.0000000000 1.0000000000
0.1795000000 1.0000000000 0.0000000000 1.0000000000
0.1805000000 1.0000000000 0.0000000000 1.0000000000
0.1815000000 1.0000000000 0.0000000000 1.0000000000
0.1825000000 1.0000000000 0.0000000000 1.0000000000
0.1835000000 1.0000000000 0.0000000000 1.0000000000
0.1845000000 1.0000000000 0.0000000000 1.0000000000
0.1855000000 1.0000000000 0.0000000000 1.0000000000
0.1865000000 1.0000000000 0.0000000000 1.0000000000
0.1875000000 1.0000000000 0.0000000000 1.0000000000
0.1885000000 1.0000000000 0.0000000000 1.0000000000
0.1895000000 1.0000000000 0.0000000000 1.0000000000
0.1905000000 1.0000000000 0.0000000000 1.0000000000
0.1915000000 1.0000000000 0.0000000000 1.0000000000
0.1925000000 1.0000000000 0.0000000000 1.0000000000
0.1935000000 1.0000000000 0.0000000000 1.0000000000
0.1945000000 1.0000000000 0.0000000000 1.0000000000
0.1955000000 1.0000000000 0.0000000000 1.0000000000
0.1965000000 1.0000000000 0.0000000000 1.0000000000
0.1975000000 1.0000000000 0.0000000000 1.0000000000
0.1985000000 1.0000000000 0.0000000000 1.0000000000
0.1995000000 1.0000000000 0.0000000000 1.0000000000
0.2005000000 1.0000000000 0.0000000000 1.0000000000
0.2015000000 1.0000000000 0.0000000000 1.0000000000
0.2025000000 1.0000000000 0.0000000000 1.0000000000
0.2035000000 1.0000000000 0.0000000000 1.0000000000
0.2045000000 1.0000000000 0.0000000000 1.0000000000
0.2055000000 1.0000000000 0.0000000000 1.0000000000
0.2065000000 1.0000000000 0.0000000000 1.0000000000
0.2075000000 1.0000000000 0.0000000000 1.0000000000
0.2085000000 1.0000000000 0.0000000000 1.0000000000
0.2095000000 1.0000000000 0.0000000000 1.0000000000
0.2105000000 1.0000000000 0.0000000000 1.0000000000
0.2115000000 1.0000000000 0.0000000000 1.0000000000
0.2125000000 1.0000000000 0.0000000000 1.0000000000
0.2135000000 1.0000000000 0.0000000000 1.0000000000
0.2145000000 1.0000000000 0.0000000000 1.0000000000
0.2155000000 1.0000000000 0.0000000000 1.0000000000
0.2165000000 1.0000000000 0.0000000000 1.0000000000
0.2175000000 1.0000000000 0.0000000000 1.0000000000
0.2185000000 1.0000000000 0.0000000000 0.9999999999
0.2195000000 0.9999999999 0.0000000001 0.9999999999
0.2205000000 0.9999999999 0.0000000002 0.9999999998
0.2215000000 0.9999999997 0.0000000003 0.9999999996
0.2225000000 0.9999999995 0.0000000006 0.9999999993
0.2235000000 0.9999999991 0.0000000011 0.9999999987
0.2245000000 0.9999999983 0.0000000020 0.9999999977
0.2255000000 0.9999999970 0.0000000035 0.9999999958
0.2265000000 0.9999999947 0.0000000063 0.9999999925
0.2275000000 0.9999999906 0.0000000112 0.9999999868
0.2285000000 0.9999999834 0.0000000197 0.9999999767
0.2295000000 0.9999999710 0.0000000343 0.9999999594
0.2305000000 0.9999999498 0.0000000594 0.9999999297
0.2315000000 0.9999999138 0.0000001020 0.9999998793
0.2325000000 0.9999998531 0.0000001738 0.9999997943
0.2335000000 0.9999997519 0.0000002936 0.9999996526
0.2345000000 0.9999995845 0.0000004917 0.9999994183
0.2355000000 0.9999993101 0.0000008162 0.9999990342
0.2365000000 0.9999988649 0.0000013431 0.9999984108
0.2375000000 0.9999981490 0.0000021901 0.9999974086
0.2385000000 0.9999970095 0.0000035384 0.9999958133
0.2395000000 0.9999952139 0.0000056630 0.9999932995
0.2405000000 0.9999924136 0.0000089763 0.9999893791
0.2415000000 0.9999880929 0.0000140888 0.9999833300
0.2425000000 0.9999814988 0.0000218911 0.9999740984
0.2435000000 0.9999715482 0.0000336650 0.9999601678
0.2445000000 0.9999567067 0.0000512262 0.9999393900
0.2455000000 0.9999348345 0.0000771068 0.9999087697
0.2465000000 0.9999029991 0.0001147774 0.9998642016
0.2475000000 0.9998572535 0.0001689096 0.9998001610
0.2485000000 0.9997923882 0.0002456699 0.9997093564
0.2495000000 0.9997016705 0.0003530303 0.9995823652
0.2505000000 0.9995765939 0.0005010656 0.9994072847
0.2515000000 0.9994066732 0.0007022003 0.9991694467
0.2525000000 0.9991793282 0.0009713509 0.9988512581
0.2535000000 0.9988799068 0.0013259069 0.9984322379
0.2545000000 0.9984918982 0.0017854896 0.9978893225
0.2555000000 0.9979973749 0.0023714431 0.9971974932
0.2565000000 0.9973776821 0.0031060381 0.9963307506
0.2575000000 0.9966143528 0.0040114068 0.9952634091
0.2585000000 0.9956901923 0.0051082804 0.9939716237
0.2595000000 0.9945904244 0.0064146467 0.9924350047
0.2605000000 0.9933037691 0.0079444818 0.9906381290
0.2615000000 0.9918233071 0.0097067226 0.9885717467
0.2625000000 0.9901470075 0.0117046240 0.9862335096
0.2635000000 0.9882778416 0.0139355928 0.9836281114
0.2645000000 0.9862234693 0.0163915194 0.9807668244
0.2655000000 0.9839955490 0.0190595491 0.9776665094
0.2665000000 0.9816087821 0.0219231717 0.9743482509
0.2675000000 0.9790798239 0.0249634760 0.9708358155
0.2685000000 0.9764262036 0.0281604058 0.9671541254
0.2695000000 0.9736653632 0.0314938871 0.9633279085
0.2705000000 0.9708138939 0.0349447343 0.9593806305
0.2715000000 0.9678870003 0.0384952942 0.9553337515
0.2725000000 0.9648981883 0.0421298319 0.9512062989
0.2735000000 0.9618591452 0.0458346905 0.9470147099
0.2745000000 0.9587797655 0.0495982788 0.9427728790
0.2755000000 0.9556682749 0.0534109403 0.9384923404
0.2765000000 0.9525314068 0.0572647575 0.9341825237
0.2775000000 0.9493745956 0.0611533341 0.9298510302
0.2785000000 0.9462021583 0.0650715896 0.9255038928
0.2795000000 0.9430174425 0.0690155914 0.9211457881
0.2805000000 0.9398229210 0.0729824533 0.9167801735
0.2815000000 0.9366201963 0.0769703438 0.9124093006
0.2825000000 0.9334111494 0.0809767339 0.9080357539
0.2835000000 0.9302002090 0.0849961325 0.9036655222
0.2845000000 0.9269893550 0.0890268186 0.8993015587
0.2855000000 0.9237796893 0.0930673416 0.8949452751
0.2865000000 0.9205720006 0.0971165976 0.8905977190
0.2875000000 0.9173670304 0.1011737670 0.8862598950
0.2885000000 0.9141653926 0.1052380950 0.8819326295
0.2895000000 0.9109676136 0.1093089197 0.8776166259
0.2905000000 0.9077741690 0.1133856706 0.8733125158
0.2915000000 0.9045854766 0.1174678361 0.8690208497
0.2925000000 0.9014019055 0.1215549583 0.8647421082
0.2935000000 0.8982237841 0.1256466301 0.8604767160
0.2945000000 0.8950514053 0.1297424859 0.8562250472
0.2955000000 0.8918850300 0.1338421965 0.8519874308
0.2965000000 0.8887248914 0.1379454657 0.8477641571
0.2975000000 0.8855711988 0.1420520255 0.8435554818
0.2985000000 0.8824241389 0.1461616337 0.8393616304
0.2995000000 0.8792838799 0.1502740703 0.8351828010
0.3005000000 0.8761505723 0.1543891354 0.8310191681
0.3015000000 0.8730243523 0.1585066468 0.8268708843
0.3025000000 0.8699053415 0.1626264383 0.8227380836
0.3035000000 0.8667936494 0.1667483580 0.8186208827
0.3045000000 0.8636893748 0.1708722671 0.8145193831
0.3055000000 0.8605926071 0.1749980383 0.8104336730
0.3065000000 0.8575034263 0.1791255548 0.8063638277
0.3075000000 0.8544219047 0.1832547088 0.8023099118
0.3085000000 0.8513481073 0.1873854013 0.7982719793
0.3095000000 0.8482820919 0.1915175406 0.7942500754
0.3105000000 0.8452239113 0.1956510422 0.7902442370
0.3115000000 0.8421736124 0.1997858279 0.7862544937
0.3125000000 0.8391312376 0.2039218253 0.7822808681
0.3135000000 0.8360968240 0.2080589674 0.7783233770
0.3145000000 0.8330704058 0.2121971917 0.7743820315
0.3155000000 0.8300520124 0.2163364403 0.7704568375
0.3165000000 0.8270416707 0.2204766594 0.7665477964
0.3175000000 0.8240394040 0.2246177986 0.7626549054
0.3185000000 0.8210452325 0.2287598109 0.7587781576
0.3195000000 0.8180591744 0.2329026526 0.7549175427
0.3205000000 0.8150812454 0.2370462825 0.7510730474
0.3215000000 0.8121114589 0.2411906623 0.7472446549
0.3225000000 0.8091498260 0.2453357560 0.7434323463
0.3235000000 0.8061963561 0.2494815299 0.7396360998
0.3245000000 0.8032510570 0.2536279525 0.7358558917
0.3255000000 0.8003139352 0.2577749941 0.7320916959
0.3265000000 0.7973849950 0.2619226267 0.7283434846
0.3275000000 0.7944642400 0.2660708240 0.7246112280
0.3285000000 0.7915516722 0.2702195610 0.7208948946
0.3295000000 0.7886472925 0.2743688142 0.7171944515
0.3305000000 0.7857511001 0.2785185612 0.7135098644
0.3315000000 0.7828630940 0.2826687812 0.7098410976
0.3325000000 0.7799832728 0.2868194542 0.7061881145
0.3335000000 0.7771116328 0.2909705616 0.7025508771
0.3345000000 0.7742481701 0.2951220855 0.6989293467
0.3355000000 0.7713928807 0.2992740090 0.6953234835
0.3365000000 0.7685457584 0.3034263162 0.6917332469
0.3375000000 0.7657067974 0.3075789917 0.6881585954
0.3385000000 0.7628759916 0.3117320209 0.6845994868
0.3395000000 0.7600533339 0.3158853901 0.6810558784
0.3405000000 0.7572388164 0.3200390861 0.6775277267
0.3415000000 0.7544324305 0.3241930963 0.6740149875
0.3425000000 0.7516341676 0.3283474088 0.6705176166
0.3435000000 0.7488440193 0.3325020123 0.6670355688
0.3445000000 0.7460619762 0.3366568958 0.6635687987
0.3455000000 0.7432880276 0.3408120492 0.6601172607
0.3465000000 0.7405221642 0.3449674624 0.6566809083
0.3475000000 0.7377643752 0.3491231259 0.6532596952
0.3485000000 0.7350146491 0.3532790305 0.6498535743
0.3495000000 0.7322729749 0.3574351675 0.6464624984
0.3505000000 0.7295393413 0.3615915283 0.6430864199
0.3515000000 0.7268137362 0.3657481048 0.6397252912
0.3525000000 0.7240961480 0.3699048893 0.6363790643
0.3535000000 0.7213865644 0.3740618743 0.6330476910
0.3545000000 0.7186849728 0.3782190526 0.6297311232
0.3555000000 0.7159913603 0.3823764174 0.6264293122
0.3565000000 0.7133057144 0.3865339620 0.6231422096
0.3575000000 0.7106280225 0.3906916800 0.6198697665
0.3585000000 0.7079582705 0.3948495652 0.6166119341
0.3595000000 0.7052964459 0.3990076115 0.6133686633
0.3605000000 0.7026425345 0.4031658133 0.6101399051
0.3615000000 0.6999965233 0.4073241648 0.6069256103
0.3625000000 0.6973583972 0.4114826608 0.6037257297
0.3635000000 0.6947281432 0.4156412959 0.6005402140
0.3645000000 0.6921057475 0.4198000654 0.5973690140
0.3655000000 0.6894911946 0.4239589642 0.5942120805
0.3665000000 0.6868844717 0.4281179879 0.5910693640
0.3675000000 0.6842855642 0.4322771318 0.5879408151
0.3685000000 0.6816944571 0.4364363915 0.5848263846
0.3695000000 0.6791111358 0.4405957629 0.5817260230
0.3705000000 0.6765355860 0.4447552415 0.5786396808
0.3715000000 0.6739677923 0.4489148235 0.5755673087
0.3725000000 0.6714077408 0.4530745047 0.5725088571
0.3735000000 0.6688554167 0.4572342813 0.5694642767
0.3745000000 0.6663108041 0.4613941497 0.5664335181
0.3755000000 0.6637738878 0.4655541063 0.5634165320
0.3765000000 0.6612446540 0.4697141475 0.5604132692
0.3775000000 0.6587230867 0.4738742700 0.5574236803
0.3785000000 0.6562091709 0.4780344705 0.5544477163
0.3795000000 0.6537028900 0.4821947458 0.5514853279
0.3805000000 0.6512042319 0.4863550926 0.5485364660
0.3815000000 0.6487131744 0.4905155079 0.5456010816
0.3825000000 0.6462297186 0.4946759887 0.5426791257
0.3835000000 0.6437538092 0.4988365319 0.5397705494
0.3845000000 0.6412855218 0.5029971347 0.5368753038
0.3855000000 0.6388246435 0.5071577943 0.5339933402
0.3865000000 0.6363715681 0.5113185076 0.5311246101
0.3875000000 0.6339254727 0.5154792723 0.5282690648
0.3885000000 0.6314878491 0.5196400848 0.5254266565
0.3895000000 0.6290560246 0.5238009438 0.5225973356
0.3905000000 0.6266343881 0.5279618439 0.5197810567
0.3915000000 0.6242161165 0.5321227860 0.5169777673
0.3925000000 0.6218109085 0.5362837617 0.5141874267
0.3935000000 0.6194061409 0.5404447749 0.5114099768
0.3945000000 0.6170163760 0.5446058143 0.5086453842
0.3955000000 0.6146269031 0.5487668848 0.5058935846
0.3965000000 0.6122502054 0.5529279760 0.5031545483
0.3975000000 0.6098783672 0.5570890888 0.5004282130
0.3985000000 0.6075125547 0.5612502190 0.4977145426
0.3995000000 0.6051591522 0.5654113588 0.4950134879
0.4005000000 0.6028058105 0.5695725106 0.4923249963
0.4015000000 0.6004662399 0.5737336625 0.4896490370
0.4025000000 0.5981314194 0.5778948140 0.4869855463
0.4035000000 0.5958009652 0.5820559702 0.4843344915
0.4045000000 0.5934845782 0.5862171143 0.4816958174
0.4055000000 0.5911689649 0.5903782549 0.4790694708
0.4065000000 0.5888621987 0.5945393945 0.4764554260
0.4075000000 0.5865671685 0.5987005152 0.4738536149
0.4085000000 0.5842721222 0.6028616262 0.4712639939
0.4095000000 0.5819881085 0.6070227267 0.4686865345
0.4105000000 0.5797142315 0.6111838083 0.4661211709
0.4115000000 0.5774403801 0.6153448687 0.4635678580
0.4125000000 0.5751779777 0.6195059054 0.4610265656
0.4135000000 0.5729256184 0.6236669259 0.4584972377
0.4145000000 0.5706732733 0.6278279185 0.4559798248
0.4155000000 0.5684313703 0.6319888654 0.4534742893
0.4165000000 0.5662008120 0.6361497882 0.4509805856
0.4175000000 0.5639704841 0.6403106920 0.4484986716
0.4185000000 0.5617481177 0.6444715292 0.4460284954
0.4195000000 0.5595389556 0.6486323042 0.4435700069
0.4205000000 0.5573316215 0.6527930726 0.4411231876
0.4215000000 0.5551284815 0.6569537850 0.4386879864
0.4225000000 0.5529391897 0.6611143819 0.4362643264
0.4235000000 0.5507556887 0.6652749327 0.4338521914
0.4245000000 0.5485730809 0.6694354737 0.4314515753
0.4255000000 0.5464013618 0.6735958901 0.4290623843
0.4265000000 0.5442409767 0.6777561567 0.4266845494
0.4275000000 0.5420816691 0.6819164035 0.4243181043
0.4285000000 0.5399270373 0.6860766105 0.4219630203
0.4295000000 0.5377860315 0.6902365909 0.4196191513
0.4305000000 0.5356518960 0.6943964215 0.4172864888
0.4315000000 0.5335178979 0.6985562697 0.4149650991
0.4325000000 0.5313925098 0.7027159541 0.4126548637
0.4335000000 0.5292803820 0.7068753539 0.4103556681
0.4345000000 0.5271717151 0.7110346620 0.4080675755
0.4355000000 0.5250644105 0.7151938860 0.4057905756
0.4365000000 0.5229682534 0.7193528709 0.4035245601
0.4375000000 0.5208827596 0.7235115549 0.4012694480
0.4385000000 0.5188007702 0.7276700770 0.3990252816
0.4395000000 0.5167212982 0.7318284943 0.3967920781
0.4405000000 0.5146514595 0.7359865812 0.3945696946
0.4415000000 0.5125936271 0.7401442703 0.3923580544
0.4425000000 0.5105391864 0.7443017938 0.3901572481
0.4435000000 0.5084862295 0.7484591129 0.3879672475
0.4445000000 0.5064429833 0.7526160112 0.3857879240
0.4455000000 0.5044122180 0.7567724816 0.3836192366
0.4465000000 0.5023855662 0.7609286192 0.3814612054
0.4475000000 0.5003595151 0.7650844544 0.3793138439
0.4485000000 0.4983425567 0.7692399159 0.3771771101
0.4495000000 0.4963377889 0.7733947687 0.3750508535
0.4505000000 0.4943385767 0.7775489987 0.3729350440
0.4515000000 0.4923419603 0.7817029324 0.3708298487
0.4525000000 0.4903501903 0.7858565578 0.3687352655
0.4535000000 0.4883692255 0.7900092405 0.3666509688
0.4545000000 0.4863990395 0.7941609323 0.3645769206
0.4555000000 0.4844317324 0.7983123788 0.3625134945
0.4565000000 0.4824659310 0.8024635193 0.3604606845
0.4575000000 0.4805100055 0.8066132870 0.3584179844
0.4585000000 0.4785647558 0.8107616623 0.3563853919
0.4595000000 0.4766272450 0.8149096480 0.3543634137
0.4605000000 0.4746923590 0.8190572270 0.3523520745
0.4615000000 0.4727600360 0.8232032198 0.3503508589
0.4625000000 0.4708389031 0.8273471609 0.3483595998
0.4635000000 0.4689285684 0.8314899928 0.3463787975
0.4645000000 0.4670254608 0.8356324778 0.3444088839
0.4655000000 0.4651238475 0.8397734436 0.3424494065
0.4665000000 0.4632255890 0.8439110026 0.3404996200
0.4675000000 0.4613390792 0.8480458615 0.3385600336
0.4685000000 0.4594657642 0.8521807226 0.3366320545
0.4695000000 0.4575985016 0.8563142757 0.3347153086
0.4705000000 0.4557312624 0.8604408906 0.3328075091
0.4715000000 0.4538696536 0.8645633483 0.3309103500
0.4725000000 0.4520222294 0.8686876197 0.3290270593
0.4735000000 0.4501863315 0.8728035809 0.3271537409
0.4745000000 0.4483575954 0.8769079376 0.3252899759
0.4755000000 0.4465354546 0.8810152659 0.3234436174
0.4765000000 0.4447211369 0.8851092193 0.3216094565
0.4775000000 0.4429150224 0.8891731918 0.3197833344
0.4785000000 0.4411359186 0.8932433399 0.3179853095
0.4795000000 0.4393794267 0.8972894910 0.3162095167
0.4805000000 0.4376205117 0.9012410928 0.3144361612
0.4815000000 0.4359053101 0.9051884180 0.3127222383
0.4825000000 0.4342659825 0.9090766765 0.3110716457
0.4835000000 0.4326380624 0.9127115438 0.3094395524
0.4845000000 0.4311045605 0.9161702801 0.3079151882
0.4855000000 0.4297704904 0.9194651824 0.3065750259
0.4865000000 0.4285804201 0.9222993810 0.3053736806
0.4875000000 0.4275309747 0.9245393763 0.3043336713
0.4885000000 0.4267464393 0.9263291633 0.3035700430
0.4895000000 0.4262555998 0.9276510509 0.3030795111
0.4905000000 0.4259524901 0.9283912063 0.3027593339
0.4915000000 0.4257699287 0.9287075701 0.3025764253
0.4925000000 0.4257019019 0.9288503027 0.3025208177
0.4935000000 0.4257000732 0.9288922890 0.3025200996
0.4945000000 0.4257288221 0.9288349544 0.3025480331
0.4955000000 0.4258189776 0.9286306862 0.3026361231
0.4965000000 0.4259164481 0.9284057185 0.3027302996
0.4975000000 0.4259837022 0.9282169712 0.3027964111
0.4985000000 0.4260427684 0.9280793191 0.3028571426
0.4995000000 0.4260975797 0.9279788770 0.3029133608
0.5005000000 0.4261389435 0.9278845319 0.3029547874
0.5015000000 0.4261672058 0.9277933508 0.3029822960
0.5025000000 0.4261922116 0.9277250826 0.3030063469
0.5035000000 0.4262173642 0.9276841849 0.3030308764
0.5045000000 0.4262372214 0.9276539142 0.3030507411
0.5055000000 0.4262488113 0.9276222905 0.3030627517
0.5065000000 0.4262549129 0.9275914589 0.3030693818
0.5075000000 0.4262607826 0.9275698570 0.3030756110
0.5085000000 0.4262682087 0.9275583396 0.3030829215
0.5095000000 0.4262760118 0.9275519438 0.3030900191
0.5105000000 0.4262814158 0.9275446073 0.3030950246
0.5115000000 0.4262840146 0.9275346243 0.3030976967
0.5125000000 0.4262849671 0.9275236504 0.3030990162
0.5135000000 0.4262861481 0.9275151280 0.3031006737
0.5145000000 0.4262884661 0.9275103646 0.3031033510
0.5155000000 0.4262920394 0.9275085776 0.3031067533
0.5165000000 0.4262956824 0.9275067382 0.3031096619
0.5175000000 0.4262978303 0.9275030769 0.3031113918
0.5185000000 0.4262983713 0.9274975270 0.3031119400
0.5195000000 0.4262983342 0.9274921261 0.3031122095
0.5205000000 0.4262985911 0.9274885927 0.3031129978
0.5215000000 0.4262995227 0.9274872156 0.3031144680
0.5225000000 0.4263010628 0.9274867707 0.3031161264
0.5235000000 0.4263026222 0.9274856828 0.3031173560
0.5245000000 0.4263035156 0.9274834691 0.3031179762
0.5255000000 0.4263038991 0.9274807646 0.3031182552
0.5265000000 0.4263042364 0.9274786927 0.3031186768
0.5275000000 0.4263046928 0.9274777173 0.3031194252
0.5285000000 0.4263052860 0.9274774138 0.3031203009
0.5295000000 0.4263058398 0.9274768480 0.3031209203
0.5305000000 0.4263060878 0.9274756281 0.3031211343
0.5315000000 0.4263061182 0.9274740972 0.3031211094
0.5325000000 0.4263062255 0.9274729305 0.3031211752
0.5335000000 0.4263065107 0.9274723907 0.3031214791
0.5345000000 0.4263068960 0.9274723255 0.3031219704
0.5355000000 0.4263072585 0.9274722466 0.3031224489
0.5365000000 0.4263074774 0.9274717688 0.3031227551
0.5375000000 0.4263075109 0.9274708503 0.3031228702
0.5385000000 0.4263074668 0.9274697974 0.3031229254
0.5395000000 0.4263074975 0.9274689692 0.3031230817
0.5405000000 0.4263076562 0.9274685130 0.3031234009
0.5415000000 0.4263079168 0.9274682782 0.3031238113
0.5425000000 0.4263081741 0.9274679528 0.3031241766
0.5435000000 0.4263083299 0.9274673390 0.3031244075
0.5445000000 0.4263084005 0.9274664886 0.3031245152
0.5455000000 0.4263084910 0.9274656864 0.3031246144
0.5465000000 0.4263086958 0.9274651591 0.3031248020
0.5475000000 0.4263089804 0.9274649218 0.3031250892
0.5485000000 0.4263092265 0.9274647428 0.3031253956
0.5495000000 0.4263094035 0.9274643716 0.3031256478
0.5505000000 0.4263095164 0.9274637239 0.3031258434
0.5515000000 0.4263096278 0.9274628696 0.3031260385
0.5525000000 0.4263097636 0.9274619361 0.3031262531
0.5535000000 0.4263099708 0.9274611992 0.3031265262
0.5545000000 0.4263102656 0.9274608261 0.3031268762
0.5555000000 0.4263105069 0.9274606461 0.3031272079
0.5565000000 0.4263106177 0.9274604090 0.3031274227
0.5575000000 0.4263106198 0.9274600120 0.3031274991
0.5585000000 0.4263105203 0.9274595252 0.3031274884
0.5595000000 0.4263103933 0.9274591205 0.3031274869
0.5605000000 0.4263103317 0.9274588499 0.3031275343
0.5615000000 0.4263103181 0.9274587050 0.3031276371
0.5625000000 0.4263103291 0.9274586110 0.3031277693
0.5635000000 0.4263103598 0.9274585036 0.3031279067
0.5645000000 0.4263103987 0.9274583551 0.3031280387
0.5655000000 0.4263104371 0.9274581721 0.3031281662
0.5665000000 0.4263104792 0.9274579705 0.3031282912
0.5675000000 0.4263105202 0.9274577529 0.3031284080
0.5685000000 0.4263105440 0.9274575112 0.3031285065
0.5695000000 0.4263105477 0.9274572373 0.3031285788
0.5705000000 0.4263105376 0.9274569584 0.3031286342
0.5715000000 0.4263105283 0.9274567192 0.3031286942
0.5725000000 0.4263105261 0.9274565336 0.3031287698
0.5735000000 0.4263105265 0.9274563875 0.3031288617
0.5745000000 0.4263105251 0.9274562410 0.3031289604
0.5755000000 0.4263105120 0.9274560632 0.3031290585
0.5765000000 0.4263104697 0.9274558445 0.3031291494
0.5775000000 0.4263103951 0.9274555980 0.3031292277
0.5785000000 0.4263102956 0.9274553592 0.3031292968
0.5795000000 0.4263101950 0.9274551735 0.3031293703
0.5805000000 0.4263101069 0.9274550392 0.3031294462
0.5815000000 0.4263100200 0.9274549062 0.3031295086
0.5825000000 0.4263099249 0.9274547589 0.3031295590
0.5835000000 0.4263098266 0.9274546002 0.3031296080
0.5845000000 0.4263097341 0.9274544348 0.3031296624
0.5855000000 0.4263096373 0.9274542792 0.3031297242
0.5865000000 0.4263095296 0.9274541573 0.3031297940
0.5875000000 0.4263094037 0.9274540577 0.3031298619
0.5885000000 0.4263092508 0.9274539510 0.3031299171
0.5895000000 0.4263090644 0.9274538336 0.3031299632
0.5905000000 0.4263088537 0.9274537157 0.3031300097
0.5915000000 0.4263086463 0.9274536118 0.3031300642
0.5925000000 0.4263084544 0.9274535384 0.3031301312
0.5935000000 0.4263082789 0.9274535004 0.3031302091
0.5945000000 0.4263081183 0.9274534718 0.3031302850
0.5955000000 0.4263079630 0.9274534191 0.3031303449
0.5965000000 0.4263077987 0.9274533159 0.3031303790
0.5975000000 0.4263076089 0.9274531579 0.3031303880
0.5985000000 0.4263073969 0.9274529716 0.3031303880
0.5995000000 0.4263071964 0.9274527785 0.3031303932
0.6005000000 0.4263069990 0.9274526075 0.3031304116
0.6015000000 0.4263067974 0.9274524967 0.3031304465
0.6025000000 0.4263065921 0.9274524684 0.3031304997
0.6035000000 0.4263063732 0.9274524915 0.3031305575
0.6045000000 0.4263061363 0.9274525321 0.3031306126
0.6055000000 0.4263058671 0.9274525507 0.3031306538
0.6065000000 0.4263055566 0.9274525471 0.3031306818
0.6075000000 0.4263052054 0.9274525185 0.3031306916
0.6085000000 0.4263048102 0.9274524779 0.3031306843
0.6095000000 0.4263043864 0.9274524388 0.3031306672
0.6105000000 0.4263039525 0.9274524164 0.3031306528
0.6115000000 0.4263035163 0.9274524119 0.3031306505
0.6125000000 0.4263030755 0.9274524041 0.3031306560
0.6135000000 0.4263026232 0.9274523877 0.3031306705
0.6145000000 0.4263021511 0.9274523628 0.3031306928
0.6155000000 0.4263016522 0.9274523273 0.3031307195
0.6165000000 0.4263011253 0.9274522720 0.3031307506
0.6175000000 0.4263005727 0.9274521863 0.3031307896
0.6185000000 0.4262999821 0.9274520916 0.3031308239
0.6195000000 0.4262993461 0.9274520196 0.3031308459
0.6205000000 0.4262986635 0.9274519651 0.3031308499
0.6215000000 0.4262979389 0.9274519460 0.3031308468
0.6225000000 0.4262971749 0.9274519617 0.3031308362
0.6235000000 0.4262963677 0.9274520174 0.3031308116
0.6245000000 0.4262955089 0.9274521315 0.3031307650
0.6255000000 0.4262946010 0.9274522940 0.3031307008
0.6265000000 0.4262936459 0.9274524977 0.3031306221
0.6275000000 0.4262926418 0.9274527431 0.3031305293
0.6285000000 0.4262915807 0.9274530363 0.3031304204
0.6295000000 0.4262904525 0.9274533803 0.3031302942
0.6305000000 0.4262892655 0.9274537358 0.3031301655
0.6315000000 0.4262880212 0.9274540792 0.3031300496
0.6325000000 0.4262867195 0.9274544031 0.3031299439
0.6335000000 0.4262853613 0.9274547020 0.3031298453
0.6345000000 0.4262839442 0.9274549677 0.3031297485
0.6355000000 0.4262824619 0.9274551997 0.3031296507
0.6365000000 0.4262809073 0.9274553994 0.3031295506
0.6375000000 0.4262792769 0.9274555774 0.3031294519
0.6385000000 0.4262775703 0.9274557469 0.3031293606
0.6395000000 0.4262757826 0.9274559150 0.3031292795
0.6405000000 0.4262738998 0.9274560869 0.3031292095
0.6415000000 0.4262719016 0.9274562673 0.3031291504
0.6425000000 0.4262697633 0.9274564513 0.3031290982
0.6435000000 0.4262674545 0.9274566254 0.3031290474
0.6445000000 0.4262649525 0.9274567847 0.3031289981
0.6455000000 0.4262622432 0.9274569186 0.3031289485
0.6465000000 0.4262593143 0.9274570232 0.3031288996
0.6475000000 0.4262561553 0.9274571117 0.3031288573
0.6485000000 0.4262527508 0.9274571878 0.3031288217
0.6495000000 0.4262490737 0.9274572600 0.3031287945
0.6505000000 0.4262450814 0.9274573311 0.3031287752
0.6515000000 0.4262407094 0.9274573925 0.3031287602
0.6525000000 0.4262358660 0.9274574416 0.3031287489
0.6535000000 0.4262304271 0.9274574735 0.3031287395
0.6545000000 0.4262242249 0.9274574837 0.3031287292
0.6555000000 0.4262170364 0.9274574813 0.3031287203
0.6565000000 0.4262085633 0.9274574773 0.3031287150
0.6575000000 0.4261983978 0.9274574769 0.3031287141
0.6585000000 0.4261859686 0.9274574752 0.3031287153
0.6595000000 0.4261704685 0.9274574689 0.3031287190
0.6605000000 0.4261507529 0.9274574572 0.3031287250
0.6615000000 0.4261251887 0.9274574423 0.3031287321
0.6625000000 0.4260914425 0.9274574274 0.3031287389
0.6635000000 0.4260461908 0.9274574141 0.3031287464
0.6645000000 0.4259847282 0.9274574014 0.3031287554
0.6655000000 0.4259004494 0.9274573922 0.3031287660
0.6665000000 0.4257841712 0.9274573947 0.3031287774
0.6675000000 0.4256232661 0.9274574033 0.3031287864
0.6685000000 0.4254005725 0.9274574153 0.3031287961
0.6695000000 0.4250930578 0.9274574138 0.3031288077
0.6705000000 0.4246702422 0.9274573917 0.3031288268
0.6715000000 0.4240923828 0.9274573263 0.3031288627
0.6725000000 0.4233084782 0.9274571898 0.3031289278
0.6735000000 0.4222541806 0.9274569705 0.3031290276
0.6745000000 0.4208497667 0.9274567798 0.3031291160
0.6755000000 0.4189985563 0.9274566652 0.3031291757
0.6765000000 0.4165858510 0.9274566250 0.3031292126
0.6775000000 0.4134789022 0.9274566375 0.3031292341
0.6785000000 0.4095283523 0.9274566713 0.3031292428
0.6795000000 0.4045716106 0.9274567249 0.3031292387
0.6805000000 0.3984386413 0.9274567798 0.3031292369
0.6815000000 0.3909604909 0.9274568122 0.3031292357
0.6825000000 0.3819807908 0.9274568300 0.3031292368
0.6835000000 0.3713702360 0.9274568317 0.3031292390
0.6845000000 0.3590433790 0.9274568235 0.3031292446
0.6855000000 0.3449759580 0.9274568070 0.3031292535
0.6865000000 0.3292371373 0.9274567803 0.3031292666
0.6875000000 0.3137588549 0.9274567408 0.3031292848
0.6885000000 0.3013167424 0.9274566945 0.3031293059
0.6895000000 0.2916242036 0.9274566397 0.3031293307
0.6905000000 0.2842352094 0.9274565764 0.3031293590
0.6915000000 0.2787148718 0.9274565083 0.3031293895
0.6925000000 0.2746698926 0.9274564347 0.3031294224
0.6935000000 0.2717610833 0.9274563541 0.3031294586
0.6945000000 0.2697072300 0.9274562772 0.3031294930
0.6955000000 0.2682828963 0.9274562147 0.3031295226
0.6965000000 0.2673126426 0.9274561793 0.3031295466
0.6975000000 0.2666635317 0.9274561671 0.3031295624
0.6985000000 0.2662372102 0.9274561796 0.3031295704
0.6995000000 0.2659625957 0.9274562040 0.3031295704
0.7005000000 0.2657893560 0.9274562676 0.3031295577
0.7015000000 0.2656826012 0.9274563870 0.3031295254
0.7025000000 0.2656186423 0.9274565698 0.3031294707
0.7035000000 0.2655816870 0.9274567438 0.3031294181
0.7045000000 0.2655613483 0.9274568765 0.3031293780
0.7055000000 0.2655509659 0.9274569691 0.3031293525
0.7065000000 0.2655463519 0.9274570177 0.3031293372
0.7075000000 0.2655448459 0.9274570563 0.3031293367
0.7085000000 0.2655446903 0.9274570678 0.3031293419
0.7095000000 0.2655450376 0.9274570655 0.3031293512
0.7105000000 0.2655461268 0.9274570430 0.3031293682
0.7115000000 0.2655481432 0.9274570237 0.3031293844
0.7125000000 0.2655510388 0.9274570025 0.3031294002
0.7135000000 0.2655543877 0.9274569768 0.3031294158
0.7145000000 0.2655569944 0.9274569440 0.3031294318
0.7155000000 0.2655588852 0.9274569022 0.3031294485
0.7165000000 0.2655603287 0.9274568513 0.3031294664
0.7175000000 0.2655614792 0.9274567947 0.3031294853
0.7185000000 0.2655624440 0.9274567338 0.3031295060
0.7195000000 0.2655633015 0.9274566691 0.3031295292
0.7205000000 0.2655640954 0.9274566023 0.3031295554
0.7215000000 0.2655648441 0.9274565369 0.3031295837
0.7225000000 0.2655655620 0.9274564757 0.3031296139
0.7235000000 0.2655662555 0.9274564191 0.3031296459
0.7245000000 0.2655669144 0.9274563663 0.3031296792
0.7255000000 0.2655675247 0.9274563165 0.3031297138
0.7265000000 0.2655680875 0.9274562685 0.3031297490
0.7275000000 0.2655686177 0.9274562213 0.3031297844
0.7285000000 0.2655691309 0.9274561739 0.3031298197
0.7295000000 0.2655696339 0.9274561258 0.3031298544
0.7305000000 0.2655701240 0.9274560767 0.3031298883
0.7315000000 0.2655705935 0.9274560271 0.3031299210
0.7325000000 0.2655710381 0.9274559790 0.3031299528
0.7335000000 0.2655714617 0.9274559345 0.3031299839
0.7345000000 0.2655718744 0.9274558948 0.3031300146
0.7355000000 0.2655722838 0.9274558613 0.3031300450
0.7365000000 0.2655726865 0.9274558346 0.3031300756
0.7375000000 0.2655730730 0.9274558151 0.3031301065
0.7385000000 0.2655734351 0.9274558027 0.3031301382
0.7395000000 0.2655737651 0.9274557987 0.3031301711
0.7405000000 0.2655740545 0.9274558016 0.3031302047
0.7415000000 0.2655742950 0.9274558090 0.3031302385
0.7425000000 0.2655744801 0.9274558201 0.3031302723
0.7435000000 0.2655746077 0.9274558333 0.3031303059
0.7445000000 0.2655746811 0.9274558467 0.3031303389
0.7455000000 0.2655747122 0.9274558583 0.3031303706
0.7465000000 0.2655747184 0.9274558686 0.3031304014
0.7475000000 0.2655747151 0.9274558784 0.3031304315
0.7485000000 0.2655747002 0.9274558884 0.3031304612
0.7495000000 0.2655746658 0.9274558996 0.3031304907
0.7505000000 0.2655746041 0.9274559124 0.3031305204
0.7515000000 0.2655745071 0.9274559274 0.3031305503
0.7525000000 0.2655743672 0.9274559449 0.3031305805
0.7535000000 0.2655741771 0.9274559653 0.3031306111
0.7545000000 0.2655739311 0.9274559885 0.3031306420
0.7555000000 0.2655736244 0.9274560115 0.3031306721
0.7565000000 0.2655732533 0.9274560308 0.3031307001
0.7575000000 0.2655728171 0.9274560460 0.3031307257
0.7585000000 0.2655723178 0.9274560578 0.3031307492
0.7595000000 0.2655717598 0.9274560667 0.3031307710
0.7605000000 0.2655711541 0.9274560735 0.3031307918
0.7615000000 0.2655705874 0.9274560795 0.3031308122
0.7625000000 0.2655701072 0.9274560855 0.3031308327
0.7635000000 0.2655697010 0.9274560924 0.3031308534
0.7645000000 0.2655693626 0.9274561014 0.3031308746
0.7655000000 0.2655690853 0.9274561135 0.3031308965
0.7665000000 0.2655688603 0.9274561296 0.3031309192
0.7675000000 0.2655686799 0.9274561498 0.3031309429
0.7685000000 0.2655685384 0.9274561742 0.3031309677
0.7695000000 0.2655684291 0.9274562024 0.3031309935
0.7705000000 0.2655683443 0.9274562342 0.3031310203
0.7715000000 0.2655682777 0.9274562691 0.3031310479
0.7725000000 0.2655682257 0.9274563067 0.3031310765
0.7735000000 0.2655681859 0.9274563433 0.3031311046
0.7745000000 0.2655681556 0.9274563738 0.3031311307
0.7755000000 0.2655681333 0.9274563990 0.3031311549
0.7765000000 0.2655681188 0.9274564202 0.3031311777
0.7775000000 0.2655681121 0.9274564389 0.3031311996
0.7785000000 0.2655681111 0.9274564566 0.3031312210
0.7795000000 0.2655681129 0.9274564742 0.3031312422
0.7805000000 0.2655681201 0.9274564921 0.3031312633
0.7815000000 0.2655681375 0.9274565109 0.3031312845
0.7825000000 0.2655681700 0.9274565310 0.3031313058
0.7835000000 0.2655682223 0.9274565533 0.3031313276
0.7845000000 0.2655682979 0.9274565785 0.3031313502
0.7855000000 0.2655683995 0.9274566077 0.3031313739
0.7865000000 0.2655685288 0.9274566415 0.3031313988
0.7875000000 0.2655686863 0.9274566806 0.3031314253
0.7885000000 0.2655688715 0.9274567251 0.3031314533
0.7895000000 0.2655690828 0.9274567750 0.3031314829
0.7905000000 0.2655693171 0.9274568296 0.3031315138
0.7915000000 0.2655695699 0.9274568879 0.3031315457
0.7925000000 0.2655698358 0.9274569455 0.3031315771
0.7935000000 0.2655700965 0.9274569987 0.3031316069
0.7945000000 0.2655703442 0.9274570498 0.3031316357
0.7955000000 0.2655705831 0.9274571003 0.3031316641
0.7965000000 0.2655708193 0.9274571509 0.3031316923
0.7975000000 0.2655710525 0.9274572021 0.3031317206
0.7985000000 0.2655712860 0.9274572546 0.3031317491
0.7995000000 0.2655715164 0.9274573089 0.3031317780
0.8005000000 0.2655717476 0.9274573661 0.3031318077
0.8015000000 0.2655719723 0.9274574272 0.3031318386
0.8025000000 0.2655721974 0.9274574930 0.3031318708
0.8035000000 0.2655724126 0.9274575645 0.3031319049
0.8045000000 0.2655726239 0.9274576421 0.3031319408
0.8055000000 0.2655728234 0.9274577259 0.3031319787
0.8065000000 0.2655730170 0.9274578156 0.3031320184
0.8075000000 0.2655731985 0.9274579102 0.3031320596
0.8085000000 0.2655733732 0.9274580053 0.3031321008
0.8095000000 0.2655735345 0.9274580937 0.3031321397
0.8105000000 0.2655736890 0.9274581773 0.3031321767
0.8115000000 0.2655738317 0.9274582584 0.3031322127
0.8125000000 0.2655739697 0.9274583390 0.3031322481
0.8135000000 0.2655740975 0.9274584198 0.3031322831
0.8145000000 0.2655742223 0.9274585016 0.3031323178
0.8155000000 0.2655743380 0.9274585854 0.3031323522
0.8165000000 0.2655744528 0.9274586718 0.3031323869
0.8175000000 0.2655745594 0.9274587634 0.3031324214
0.8185000000 0.2655746667 0.9274588676 0.3031324557
0.8195000000 0.2655747585 0.9274590077 0.3031324836
0.8205000000 0.2655748478 0.9274592022 0.3031324928
0.8215000000 0.2655749080 0.9274594657 0.3031324818
0.8225000000 0.2655749759 0.9274598266 0.3031324465
0.8235000000 0.2655749773 0.9274603171 0.3031323733
0.8245000000 0.2655749986 0.9274607351 0.3031323499
0.8255000000 0.2655750642 0.9274610992 0.3031323710
0.8265000000 0.2655751728 0.9274611008 0.3031324122
0.8275000000 0.2655751735 0.9274612378 0.3031323286
0.8285000000 0.2655752346 0.9274608045 0.3031323401
0.8295000000 0.2655750826 0.9274609502 0.3031320147
0.8305000000 0.2655751285 0.9274594793 0.3031320058
0.8315000000 0.2655746090 0.9274596570 0.3031310954
0.8325000000 0.2655746698 0.9274554530 0.3031311163
0.8335000000 0.2655732313 0.9274558334 0.3031287405
0.8345000000 0.2655734295 0.9274444137 0.3031289780
0.8355000000 0.2655695810 0.9274459651 0.3031227447
0.8365000000 0.2655702940 0.9274159393 0.3031237944
0.8375000000 0.2655601382 0.9274221790 0.3031074751
0.8385000000 0.2655627324 0.9273435013 0.3031115392
0.8395000000 0.2655360428 0.9273663377 0.3030688451
0.8405000000 0.2655449698 0.9271605464 0.3030831132
0.8415000000 0.2654750033 0.9272383594 0.3029714073
0.8425000000 0.2655045472 0.9266995632 0.3030187398
0.8435000000 0.2653221913 0.9269481079 0.3027276331
0.8445000000 0.2653998297 0.9256147179 0.3028517201
0.8455000000 0.2649698156 0.9257551266 0.3021651287
0.8465000000 0.2645754236 0.9215032686 0.3015349851
0.8475000000 0.2625180685 0.9140174542 0.2982529250
0.8485000000 0.2578663343 0.8890670102 0.2908526411
0.8495000000 0.2448517077 0.8263047656 0.2703027196
0.8505000000 0.2146041786 0.6564147953 0.2236738504
0.8515000000 0.1614713128 0.3026145034 0.1468399314
0.8525000000 0.1317052529 0.0574484786 0.1078070999
0.8535000000 0.1260073266 0.0085493928 0.1011349949
0.8545000000 0.1251439471 0.0012191529 0.1001613579
0.8555000000 0.1250204281 0.0001729618 0.1000228823
0.8565000000 0.1250028925 0.0000244896 0.1000032397
0.8575000000 0.1250004095 0.0000034674 0.1000004587
0.8585000000 0.1250000580 0.0000004909 0.1000000649
0.8595000000 0.1250000082 0.0000000695 0.1000000092
0.8605000000 0.1250000012 0.0000000098 0.1000000013
0.8615000000 0.1250000002 0.0000000014 0.1000000002
0.8625000000 0.1250000000 0.0000000002 0.1000000000
0.8635000000 0.1250000000 0.0000000000 0.1000000000
0.8645000000 0.1250000000 0.0000000000 0.1000000000
0.8655000000 0.1250000000 0.0000000000 0.1000000000
0.8665000000 0.1250000000 0.0000000000 0.1000000000
0.8675000000 0.1250000000 0.0000000000 0.1000000000
0.8685000000 0.1250000000 0.0000000000 0.1000000000
0.8695000000 0.1250000000 0.0000000000 0.1000000000
0.8705000000 0.1250000000 0.0000000000 0.1000000000
0.8715000000 0.1250000000 0.0000000000 0.1000000000
0.8725000000 0.1250000000 0.0000000000 0.1000000000
0.8735000000 0.1250000000 0.0000000000 0.1000000000
0.8745000000 0.1250000000 0.0000000000 0.1000000000
0.8755000000 0.1250000000 0.0000000000 0.1000000000
0.8765000000 0.1250000000 0.0000000000 0.1000000000
0.8775000000 0.1250000000 0.0000000000 0.1000000000
0.8785000000 0.1250000000 0.0000000000 0.1000000000
0.8795000000 0.1250000000 0.0000000000 0.1000000000
0.8805000000 0.1250000000 0.0000000000 0.1000000000
0.8815000000 0.1250000000 0.0000000000 0.1000000000
0.8825000000 0.1250000000 0.0000000000 0.1000000000
0.8835000000 0.1250000000 0.0000000000 0.1000000000
0.8845000000 0.1250000000 0.0000000000 0.1000000000
0.8855000000 0.1250000000 0.0000000000 0.1000000000
0.8865000000 0.1250000000 0.0000000000 0.1000000000
0.8875000000 0.1250000000 0.0000000000 0.1000000000
0.8885000000 0.1250000000 0.0000000000 0.1000000000
0.8895000000 0.1250000000 0.0000000000 0.1000000000
0.8905000000 0.1250000000 0.0000000000 0.1000000000
0.8915000000 0.1250000000 0.0000000000 0.1000000000
0.8925000000 0.1250000000 0.0000000000 0.1000000000
0.8935000000 0.1250000000 0.0000000000 0.1000000000
0.8945000000 0.1250000000 0.0000000000 0.1000000000
0.8955000000 0.1250000000 0.0000000000 0.1000000000
0.8965000000 0.1250000000 0.0000000000 0.1000000000
0.8975000000 0.1250000000 0.0000000000 0.1000000000
0.8985000000 0.1250000000 0.0000000000 0.1000000000
0.8995000000 0.1250000000 0.0000000000 0.1000000000
0.9005000000 0.1250000000 0.0000000000 0.1000000000
0.9015000000 0.1250000000 0.0000000000 0.1000000000
0.9025000000 0.1250000000 0.0000000000 0.1000000000
0.9035000000 0.1250000000 0.0000000000 0.1000000000
0.9045000000 0.1250000000 0.0000000000 0.1000000000
0.9055000000 0.1250000000 0.0000000000 0.1000000000
0.9065000000 0.1250000000 0.0000000000 0.1000000000
0.9075000000 0.1250000000 0.0000000000 0.1000000000
0.9085000000 0.1250000000 0.0000000000 0.1000000000
0.9095000000 0.1250000000 0.0000000000 0.1000000000
0.9105000000 0.1250000000 0.0000000000 0.1000000000
0.9115000000 0.1250000000 0.0000000000 0.1000000000
0.9125000000 0.1250000000 0.0000000000 0.1000000000
0.9135000000 0.1250000000 0.0000000000 0.1000000000
0.9145000000 0.1250000000 0.0000000000 0.1000000000
0.9155000000 0.1250000000 0.0000000000 0.1000000000
0.9165000000 0.1250000000 0.0000000000 0.1000000000
0.9175000000 0.1250000000 0.0000000000 0.1000000000
0.9185000000 0.1250000000 0.0000000000 0.1000000000
0.9195000000 0.1250000000 0.0000000000 0.1000000000
0.9205000000 0.1250000000 0.0000000000 0.1000000000
0.9215000000 0.1250000000 0.0000000000 0.1000000000
0.9225000000 0.1250000000 0.0000000000 0.1000000000
0.9235000000 0.1250000000 0.0000000000 0.1000000000
0.9245000000 0.1250000000 0.0000000000 0.1000000000
0.9255000000 0.1250000000 0.0000000000 0.1000000000
0.9265000000 0.1250000000 0.0000000000 0.1000000000
0.9275000000 0.1250000000 0.0000000000 0.1000000000
0.9285000000 0.1250000000 0.0000000000 0.1000000000
0.9295000000 0.1250000000 0.0000000000 0.1000000000
0.9305000000 0.1250000000 0.0000000000 0.1000000000
0.9315000000 0.1250000000 0.0000000000 0.1000000000
0.9325000000 0.1250000000 0.0000000000 0.1000000000
0.9335000000 0.1250000000 0.0000000000 0.1000000000
0.9345000000 0.1250000000 0.0000000000 0.1000000000
0.9355000000 0.1250000000 0.0000000000 0.1000000000
0.9365000000 0.1250000000 0.0000000000 0.1000000000
0.9375000000 0.1250000000 0.0000000000 0.1000000000
0.9385000000 0.1250000000 0.0000000000 0.1000000000
0.9395000000 0.1250000000 0.0000000000 0.1000000000
0.9405000000 0.1250000000 0.0000000000 0.1000000000
0.9415000000 0.1250000000 0.0000000000 0.1000000000
0.9425000000 0.1250000000 0.0000000000 0.1000000000
0.9435000000 0.1250000000 0.0000000000 0.1000000000
0.9445000000 0.1250000000 0.0000000000 0.1000000000
0.9455000000 0.1250000000 0.0000000000 0.1000000000
0.9465000000 0.1250000000 0.0000000000 0.1000000000
0.9475000000 0.1250000000 0.0000000000 0.1000000000
0.9485000000 0.1250000000 0.0000000000 0.1000000000
0.9495000000 0.1250000000 0.0000000000 0.1000000000
0.9505000000 0.1250000000 0.0000000000 0.1000000000
0.9515000000 0.1250000000 0.0000000000 0.1000000000
0.9525000000 0.1250000000 0.0000000000 0.1000000000
0.9535000000 0.1250000000 0.0000000000 0.1000000000
0.9545000000 0.1250000000 0.0000000000 0.1000000000
0.9555000000 0.1250000000 0.0000000000 0.1000000000
0.9565000000 0.1250000000 0.0000000000 0.1000000000
0.9575000000 0.1250000000 0.0000000000 0.1000000000
0.9585000000 0.1250000000 0.0000000000 0.1000000000
0.9595000000 0.1250000000 0.0000000000 0.1000000000
0.9605000000 0.1250000000 0.0000000000 0.1000000000
0.9615000000 0.1250000000 0.0000000000 0.1000000000
0.9625000000 0.1250000000 0.0000000000 0.1000000000
0.9635000000 0.1250000000 0.0000000000 0.1000000000
0.9645000000 0.1250000000 0.0000000000 0.1000000000
0.9655000000 0.1250000000 0.0000000000 0.1000000000
0.9665000000 0.1250000000 0.0000000000 0.1000000000
0.9675000000 0.1250000000 0.0000000000 0.1000000000
0.9685000000 0.1250000000 0.0000000000 0.1000000000
0.9695000000 0.1250000000 0.0000000000 0.1000000000
0.9705000000 0.1250000000 0.0000000000 0.1000000000
0.9715000000 0.1250000000 0.0000000000 0.1000000000
0.9725000000 0.1250000000 0.0000000000 0.1000000000
0.9735000000 0.1250000000 0.0000000000 0.1000000000
0.9745000000 0.1250000000 0.0000000000 0.1000000000
0.9755000000 0.1250000000 0.0000000000 0.1000000000
0.9765000000 0.1250000000 0.0000000000 0.1000000000
0.9775000000 0.1250000000 0.0000000000 0.1000000000
0.9785000000 0.1250000000 0.0000000000 0.1000000000
0.9795000000 0.1250000000 0.0000000000 0.1000000000
0.9805000000 0.1250000000 0.0000000000 0.1000000000
0.9815000000 0.1250000000 0.0000000000 0.1000000000
0.9825000000 0.1250000000 0.0000000000 0.1000000000
0.9835000000 0.1250000000 0.0000000000 0.1000000000
0.9845000000 0.1250000000 0.0000000000 0.1000000000
0.9855000000 0.1250000000 0.0000000000 0.1000000000
0.9865000000 0.1250000000 0.0000000000 0.1000000000
0.9875000000 0.1250000000 0.0000000000 0.1000000000
0.9885000000 0.1250000000 0.0000000000 0.1000000000
0.9895000000 0.1250000000 0.0000000000 0.1000000000
0.9905000000 0.1250000000 0.0000000000 0.1000000000
0.9915000000 0.1250000000 0.0000000000 0.1000000000
0.9925000000 0.1250000000 0.0000000000 0.1000000000
0.9935000000 0.1250000000 0.0000000000 0.1000000000
0.9945000000 0.1250000000 0.0000000000 0.1000000000
0.9955000000 0.1250000000 0.0000000000 0.1000000000
0.9965000000 0.1250000000 0.0000000000 0.1000000000
0.9975000000 0.1250000000 0.0000000000 0.1000000000
0.9985000000 0.1250000000 0.0000000000 0.1000000000
0.9995000000 0.1250000000 0.0000000000 0.1000000000
