# Airfoil (Joukowski)
# a=1, xi0=-0.1, eta0=0.25, r=1.12805
1.946455 0.026664
1.942346 0.028732
1.938097 0.030871
1.933710 0.033081
1.929185 0.035361
1.924523 0.037709
1.919727 0.040126
1.914796 0.042611
1.909732 0.045161
1.904537 0.047778
1.899211 0.050459
1.893755 0.053204
1.888172 0.056012
1.882461 0.058882
1.876624 0.061813
1.870662 0.064805
1.864576 0.067856
1.858368 0.070965
1.852037 0.074131
1.845587 0.077354
1.839016 0.080633
1.832327 0.083965
1.825521 0.087352
1.818598 0.090790
1.811560 0.094281
1.804408 0.097821
1.797142 0.101411
1.789764 0.105050
1.782275 0.108735
1.774675 0.112468
1.766966 0.116245
1.759149 0.120067
1.751224 0.123932
1.743192 0.127839
1.735056 0.131787
1.726814 0.135776
1.718469 0.139803
1.710022 0.143869
1.701472 0.147971
1.692822 0.152109
1.684072 0.156282
1.675223 0.160489
1.666276 0.164728
1.657232 0.168999
1.648091 0.173301
1.638855 0.177632
1.629525 0.181992
1.620101 0.186379
1.610584 0.190792
1.600975 0.195231
1.591275 0.199694
1.581485 0.204180
1.571606 0.208688
1.561638 0.213217
1.551583 0.217766
1.541440 0.222335
1.531212 0.226921
1.520898 0.231524
1.510501 0.236143
1.500019 0.240777
1.489455 0.245425
1.478809 0.250085
1.468082 0.254757
1.457275 0.259440
1.446388 0.264133
1.435423 0.268835
1.424380 0.273544
1.413259 0.278260
1.402063 0.282982
1.390791 0.287709
1.379444 0.292439
1.368023 0.297172
1.356529 0.301907
1.344963 0.306643
1.333325 0.311379
1.321616 0.316114
1.309837 0.320847
1.297989 0.325577
1.286073 0.330303
1.274089 0.335024
1.262037 0.339739
1.249920 0.344448
1.237737 0.349149
1.225489 0.353842
1.213178 0.358526
1.200803 0.363199
1.188366 0.367861
1.175867 0.372511
1.163307 0.377148
1.150687 0.381771
1.138008 0.386379
1.125270 0.390972
1.112474 0.395549
1.099621 0.400109
1.086711 0.404650
1.073746 0.409173
1.060726 0.413676
1.047652 0.418159
1.034524 0.422620
1.021344 0.427059
1.008111 0.431476
0.994828 0.435869
0.981494 0.440237
0.968110 0.444580
0.954678 0.448898
0.941197 0.453189
0.927668 0.457452
0.914093 0.461687
0.900472 0.465893
0.886806 0.470070
0.873095 0.474217
0.859341 0.478332
0.845543 0.482416
0.831704 0.486468
0.817822 0.490486
0.803901 0.494471
0.789939 0.498421
0.775937 0.502337
0.761897 0.506217
0.747820 0.510060
0.733705 0.513867
0.719554 0.517636
0.705368 0.521367
0.691147 0.525059
0.676892 0.528712
0.662603 0.532325
0.648282 0.535897
0.633929 0.539429
0.619546 0.542919
0.605131 0.546366
0.590688 0.549771
0.576215 0.553133
0.561715 0.556451
0.547187 0.559725
0.532633 0.562954
0.518053 0.566138
0.503448 0.569276
0.488819 0.572367
0.474166 0.575412
0.459491 0.578410
0.444793 0.581360
0.430075 0.584263
0.415335 0.587116
0.400577 0.589921
0.385799 0.592676
0.371003 0.595382
0.356190 0.598038
0.341359 0.600642
0.326514 0.603196
0.311652 0.605699
0.296777 0.608150
0.281888 0.610549
0.266986 0.612895
0.252072 0.615189
0.237147 0.617430
0.222211 0.619617
0.207265 0.621751
0.192310 0.623831
0.177347 0.625856
0.162376 0.627827
0.147399 0.629743
0.132416 0.631604
0.117427 0.633409
0.102435 0.635159
0.087438 0.636853
0.072438 0.638491
0.057437 0.640072
0.042434 0.641597
0.027430 0.643065
0.012427 0.644476
-0.002576 0.645830
-0.017577 0.647127
-0.032575 0.648366
-0.047571 0.649547
-0.062562 0.650671
-0.077548 0.651737
-0.092529 0.652744
-0.107504 0.653693
-0.122472 0.654584
-0.137432 0.655417
-0.152383 0.656190
-0.167325 0.656905
-0.182256 0.657562
-0.197177 0.658159
-0.212087 0.658698
-0.226983 0.659177
-0.241867 0.659598
-0.256737 0.659960
-0.271592 0.660262
-0.286432 0.660505
-0.301255 0.660689
-0.316061 0.660814
-0.330850 0.660880
-0.345620 0.660887
-0.360371 0.660834
-0.375102 0.660723
-0.389812 0.660552
-0.404501 0.660322
-0.419168 0.660033
-0.433811 0.659686
-0.448430 0.659279
-0.463025 0.658814
-0.477595 0.658290
-0.492139 0.657707
-0.506656 0.657066
-0.521145 0.656367
-0.535606 0.655609
-0.550038 0.654793
-0.564441 0.653919
-0.578812 0.652987
-0.593153 0.651997
-0.607461 0.650950
-0.621737 0.649846
-0.635979 0.648684
-0.650187 0.647465
-0.664360 0.646189
-0.678498 0.644856
-0.692598 0.643467
-0.706662 0.642022
-0.720688 0.640521
-0.734675 0.638964
-0.748623 0.637351
-0.762531 0.635683
-0.776398 0.633960
-0.790224 0.632182
-0.804007 0.630350
-0.817748 0.628463
-0.831444 0.626522
-0.845097 0.624528
-0.858704 0.622480
-0.872265 0.620379
-0.885780 0.618226
-0.899248 0.616020
-0.912668 0.613761
-0.926039 0.611451
-0.939360 0.609090
-0.952632 0.606677
-0.965853 0.604214
-0.979023 0.601701
-0.992140 0.599137
-1.005205 0.596524
-1.018216 0.593861
-1.031173 0.591150
-1.044076 0.588390
-1.056922 0.585582
-1.069713 0.582727
-1.082446 0.579824
-1.095122 0.576875
-1.107740 0.573879
-1.120299 0.570838
-1.132798 0.567751
-1.145237 0.564619
-1.157615 0.561443
-1.169932 0.558222
-1.182186 0.554958
-1.194377 0.551651
-1.206505 0.548302
-1.218569 0.544910
-1.230568 0.541477
-1.242501 0.538003
-1.254369 0.534488
-1.266170 0.530933
-1.277903 0.527339
-1.289568 0.523706
-1.301165 0.520034
-1.312692 0.516325
-1.324150 0.512578
-1.335537 0.508794
-1.346852 0.504975
-1.358097 0.501119
-1.369268 0.497229
-1.380367 0.493304
-1.391392 0.489346
-1.402344 0.485354
-1.413220 0.481330
-1.424021 0.477273
-1.434746 0.473185
-1.445394 0.469067
-1.455965 0.464918
-1.466459 0.460740
-1.476874 0.456532
-1.487210 0.452297
-1.497467 0.448034
-1.507644 0.443744
-1.517740 0.439427
-1.527755 0.435086
-1.537688 0.430719
-1.547539 0.426327
-1.557307 0.421913
-1.566991 0.417475
-1.576592 0.413015
-1.586108 0.408533
-1.595539 0.404031
-1.604884 0.399509
-1.614143 0.394967
-1.623315 0.390406
-1.632401 0.385827
-1.641398 0.381231
-1.650307 0.376619
-1.659127 0.371991
-1.667858 0.367347
-1.676499 0.362689
-1.685049 0.358018
-1.693509 0.353334
-1.701877 0.348637
-1.710153 0.343930
-1.718337 0.339211
-1.726428 0.334483
-1.734425 0.329746
-1.742328 0.325000
-1.750137 0.320247
-1.757851 0.315487
-1.765470 0.310722
-1.772992 0.305951
-1.780418 0.301175
-1.787748 0.296396
-1.794980 0.291614
-1.802114 0.286830
-1.809150 0.282045
-1.816086 0.277260
-1.822924 0.272475
-1.829662 0.267691
-1.836300 0.262908
-1.842837 0.258129
-1.849273 0.253354
-1.855608 0.248582
-1.861840 0.243816
-1.867970 0.239057
-1.873997 0.234304
-1.879921 0.229558
-1.885741 0.224821
-1.891457 0.220094
-1.897068 0.215377
-1.902574 0.210671
-1.907974 0.205976
-1.913268 0.201295
-1.918456 0.196626
-1.923537 0.191973
-1.928511 0.187334
-1.933377 0.182712
-1.938135 0.178106
-1.942784 0.173518
-1.947324 0.168948
-1.951755 0.164398
-1.956077 0.159869
-1.960288 0.155360
-1.964388 0.150873
-1.968377 0.146409
-1.972255 0.141968
-1.976021 0.137552
-1.979674 0.133161
-1.983215 0.128797
-1.986643 0.124459
-1.989957 0.120149
-1.993158 0.115867
-1.996244 0.111615
-1.999215 0.107394
-2.002071 0.103203
-2.004812 0.099044
-2.007437 0.094919
-2.009946 0.090826
-2.012338 0.086768
-2.014613 0.082746
-2.016770 0.078759
-2.018809 0.074809
-2.020731 0.070897
-2.022533 0.067024
-2.024217 0.063190
-2.025781 0.059395
-2.027225 0.055642
-2.028549 0.051931
-2.029752 0.048262
-2.030835 0.044636
-2.031796 0.041055
-2.032635 0.037518
-2.033352 0.034027
-2.033946 0.030582
-2.034418 0.027185
-2.034766 0.023835
-2.034990 0.020535
-2.035090 0.017283
-2.035066 0.014082
-2.034917 0.010932
-2.034642 0.007834
-2.034242 0.004788
-2.033716 0.001795
-2.033063 -0.001144
-2.032283 -0.004028
-2.031376 -0.006858
-2.030341 -0.009631
-2.029178 -0.012347
-2.027887 -0.015006
-2.026467 -0.017608
-2.024917 -0.020150
-2.023238 -0.022633
-2.021429 -0.025057
-2.019489 -0.027419
-2.017419 -0.029721
-2.015217 -0.031960
-2.012883 -0.034137
-2.010417 -0.036251
-2.007819 -0.038302
-2.005088 -0.040288
-2.002224 -0.042209
-1.999225 -0.044065
-1.996093 -0.045856
-1.992826 -0.047579
-1.989424 -0.049236
-1.985887 -0.050826
-1.982214 -0.052348
-1.978405 -0.053801
-1.974459 -0.055185
-1.970376 -0.056500
-1.966155 -0.057745
-1.961797 -0.058921
-1.957300 -0.060025
-1.952665 -0.061059
-1.947890 -0.062021
-1.942976 -0.062912
-1.937921 -0.063730
-1.932727 -0.064476
-1.927391 -0.065150
-1.921914 -0.065750
-1.916296 -0.066278
-1.910535 -0.066731
-1.904632 -0.067111
-1.898586 -0.067417
-1.892396 -0.067649
-1.886062 -0.067807
-1.879585 -0.067890
-1.872962 -0.067898
-1.866195 -0.067831
-1.859281 -0.067690
-1.852222 -0.067473
-1.845017 -0.067182
-1.837665 -0.066815
-1.830165 -0.066374
-1.822518 -0.065857
-1.814723 -0.065265
-1.806780 -0.064599
-1.798687 -0.063857
-1.790446 -0.063040
-1.782054 -0.062149
-1.773513 -0.061184
-1.764821 -0.060144
-1.755979 -0.059029
-1.746985 -0.057841
-1.737840 -0.056579
-1.728543 -0.055244
-1.719093 -0.053836
-1.709491 -0.052355
-1.699736 -0.050802
-1.689827 -0.049176
-1.679765 -0.047480
-1.669549 -0.045712
-1.659178 -0.043873
-1.648653 -0.041964
-1.637972 -0.039986
-1.627137 -0.037939
-1.616146 -0.035824
-1.604999 -0.033640
-1.593696 -0.031390
-1.582237 -0.029073
-1.570621 -0.026691
-1.558849 -0.024243
-1.546919 -0.021732
-1.534832 -0.019157
-1.522588 -0.016520
-1.510187 -0.013822
-1.497628 -0.011063
-1.484911 -0.008244
-1.472036 -0.005366
-1.459003 -0.002431
-1.445813 0.000560
-1.432464 0.003607
-1.418957 0.006709
-1.405292 0.009863
-1.391469 0.013070
-1.377487 0.016327
-1.363348 0.019634
-1.349051 0.022989
-1.334596 0.026391
-1.319984 0.029838
-1.305214 0.033329
-1.290287 0.036864
-1.275203 0.040439
-1.259962 0.044054
-1.244564 0.047707
-1.229011 0.051397
-1.213302 0.055122
-1.197437 0.058880
-1.181417 0.062670
-1.165243 0.066490
-1.148915 0.070338
-1.132434 0.074213
-1.115800 0.078113
-1.099014 0.082036
-1.082076 0.085980
-1.064987 0.089943
-1.047748 0.093923
-1.030360 0.097919
-1.012824 0.101929
-0.995140 0.105950
-0.977310 0.109980
-0.959333 0.114018
-0.941213 0.118062
-0.922949 0.122109
-0.904542 0.126158
-0.885995 0.130205
-0.867307 0.134250
-0.848481 0.138290
-0.829518 0.142323
-0.810418 0.146346
-0.791185 0.150358
-0.771818 0.154356
-0.752321 0.158338
-0.732693 0.162303
-0.712938 0.166247
-0.693056 0.170168
-0.673050 0.174064
-0.652922 0.177934
-0.632672 0.181774
-0.612305 0.185583
-0.591820 0.189358
-0.571221 0.193097
-0.550510 0.196798
-0.529689 0.200458
-0.508760 0.204076
-0.487726 0.207649
-0.466589 0.211175
-0.445352 0.214652
-0.424016 0.218078
-0.402586 0.221450
-0.381062 0.224766
-0.359449 0.228025
-0.337749 0.231224
-0.315965 0.234361
-0.294099 0.237434
-0.272155 0.240442
-0.250136 0.243381
-0.228045 0.246251
-0.205885 0.249049
-0.183659 0.251774
-0.161371 0.254424
-0.139023 0.256996
-0.116620 0.259489
-0.094164 0.261902
-0.071660 0.264233
-0.049110 0.266480
-0.026519 0.268642
-0.003889 0.270717
0.018774 0.272704
0.041469 0.274602
0.064190 0.276408
0.086935 0.278123
0.109698 0.279744
0.132477 0.281270
0.155268 0.282701
0.178065 0.284035
0.200867 0.285272
0.223667 0.286411
0.246463 0.287450
0.269250 0.288390
0.292025 0.289229
0.314782 0.289966
0.337519 0.290602
0.360230 0.291136
0.382911 0.291568
0.405560 0.291897
0.428170 0.292122
0.450738 0.292245
0.473261 0.292265
0.495733 0.292181
0.518150 0.291994
0.540509 0.291705
0.562804 0.291313
0.585033 0.290818
0.607190 0.290222
0.629272 0.289525
0.651274 0.288726
0.673193 0.287828
0.695023 0.286830
0.716762 0.285733
0.738405 0.284539
0.759949 0.283247
0.781388 0.281860
0.802719 0.280379
0.823939 0.278804
0.845043 0.277136
0.866028 0.275378
0.886890 0.273530
0.907625 0.271594
0.928229 0.269571
0.948699 0.267463
0.969031 0.265272
0.989222 0.262999
1.009269 0.260646
1.029167 0.258215
1.048913 0.255708
1.068505 0.253126
1.087939 0.250473
1.107212 0.247748
1.126320 0.244956
1.145262 0.242097
1.164033 0.239174
1.182631 0.236190
1.201053 0.233146
1.219297 0.230045
1.237360 0.226889
1.255238 0.223680
1.272931 0.220421
1.290435 0.217115
1.307748 0.213763
1.324867 0.210368
1.341792 0.206932
1.358518 0.203459
1.375045 0.199951
1.391371 0.196409
1.407493 0.192837
1.423410 0.189238
1.439120 0.185613
1.454622 0.181965
1.469913 0.178297
1.484993 0.174612
1.499861 0.170912
1.514514 0.167199
1.528951 0.163476
1.543173 0.159746
1.557176 0.156011
1.570961 0.152274
1.584526 0.148537
1.597871 0.144803
1.610995 0.141073
1.623897 0.137352
1.636577 0.133640
1.649033 0.129941
1.661266 0.126257
1.673275 0.122590
1.685060 0.118942
1.696620 0.115317
1.707956 0.111715
1.719066 0.108140
1.729952 0.104593
1.740612 0.101077
1.751048 0.097594
1.761259 0.094146
1.771245 0.090735
1.781006 0.087362
1.790543 0.084031
1.799857 0.080743
1.808946 0.077500
1.817813 0.074303
1.826456 0.071155
1.834878 0.068057
1.843078 0.065011
1.851057 0.062019
1.858816 0.059083
1.866355 0.056203
1.873675 0.053382
1.880777 0.050620
1.887661 0.047921
1.894329 0.045284
1.900782 0.042711
1.907020 0.040204
1.913044 0.037764
1.918855 0.035391
1.924454 0.033088
1.929843 0.030855
1.935021 0.028694
1.939992 0.026605
1.944754 0.024590
1.949311 0.022648
1.953662 0.020782
1.957809 0.018993
1.961753 0.017280
1.965495 0.015644
1.969037 0.014087
1.972380 0.012609
1.975525 0.011211
1.978473 0.009893
1.981226 0.008656
1.983785 0.007500
1.986151 0.006425
1.988325 0.005433
1.990309 0.004523
1.992105 0.003695
1.993712 0.002951
1.995134 0.002290
1.996371 0.001713
1.997424 0.001219
1.998295 0.000808
1.998986 0.000482
1.999497 0.000240
1.999830 0.000081
1.999987 0.000006
1.999968 0.000016
1.999775 0.000108
1.999409 0.000285
1.998873 0.000544
1.998166 0.000887
1.997291 0.001313
1.996249 0.001822
1.995041 0.002413
1.993669 0.003087
1.992133 0.003842
1.990436 0.004678
1.988578 0.005596
1.986561 0.006594
1.984386 0.007672
1.982055 0.008830
1.979569 0.010068
1.976929 0.011383
1.974136 0.012777
1.971192 0.014248
1.968098 0.015796
1.964855 0.017421
1.961465 0.019121
1.957929 0.020896
1.954247 0.022745
1.950422 0.024668
1.946455 0.026664
