-4.994763 -3.024173
-4.986570 -3.020236
-4.978381 -3.016299
-4.970194 -3.012359
-4.962011 -3.008418
-4.953831 -3.004476
-4.945653 -3.000532
-4.937480 -2.996587
-4.929309 -2.992640
-4.921141 -2.988692
-4.912977 -2.984742
-4.904816 -2.980791
-4.896658 -2.976838
-4.888503 -2.972884
-4.880351 -2.968929
-4.872203 -2.964971
-4.864058 -2.961013
-4.855916 -2.957052
-4.847778 -2.953091
-4.839643 -2.949128
-4.831511 -2.945163
-4.823382 -2.941197
-4.815257 -2.937229
-4.807135 -2.933260
-4.799016 -2.929289
-4.790901 -2.925316
-4.782789 -2.921343
-4.774681 -2.917367
-4.766576 -2.913390
-4.758474 -2.909412
-4.750376 -2.905432
-4.742281 -2.901451
-4.734190 -2.897468
-4.726102 -2.893483
-4.718017 -2.889497
-4.709936 -2.885509
-4.701859 -2.881520
-4.693785 -2.877529
-4.685714 -2.873537
-4.677647 -2.869543
-4.669584 -2.865548
-4.661524 -2.861551
-4.653468 -2.857552
-4.645415 -2.853552
-4.637366 -2.849551
-4.629320 -2.845548
-4.621278 -2.841543
-4.613240 -2.837536
-4.605205 -2.833529
-4.597174 -2.829519
-4.589147 -2.825508
-4.581123 -2.821495
-4.573103 -2.817481
-4.565086 -2.813465
-4.557074 -2.809448
-4.549065 -2.805429
-4.541059 -2.801409
-4.533058 -2.797386
-4.525060 -2.793363
-4.517066 -2.789337
-4.509076 -2.785310
-4.501089 -2.781282
-4.493107 -2.777252
-4.485128 -2.773220
-4.477153 -2.769187
-4.469182 -2.765152
-4.461215 -2.761115
-4.453252 -2.757077
-4.445292 -2.753037
-4.437337 -2.748996
-4.429385 -2.744953
-4.421437 -2.740908
-4.413493 -2.736862
-4.405554 -2.732814
-4.397618 -2.728765
-4.389686 -2.724714
-4.381758 -2.720661
-4.373834 -2.716607
-4.365915 -2.712551
-4.357999 -2.708493
-4.350087 -2.704434
-4.342180 -2.700373
-4.334276 -2.696310
-4.326377 -2.692246
-4.318481 -2.688180
-4.310590 -2.684113
-4.302703 -2.680044
-4.294820 -2.675973
-4.286941 -2.671900
-4.279067 -2.667826
-4.271197 -2.663750
-4.263331 -2.659673
-4.255469 -2.655594
-4.247611 -2.651513
-4.239758 -2.647431
-4.231909 -2.643347
-4.224064 -2.639261
-4.216223 -2.635174
-4.208387 -2.631085
-4.200555 -2.626994
-4.192728 -2.622902
-4.184905 -2.618807
-4.177086 -2.614712
-4.169272 -2.610614
-4.161462 -2.606515
-4.153657 -2.602414
-4.145856 -2.598312
-4.138059 -2.594208
-4.130267 -2.590102
-4.122479 -2.585994
-4.114696 -2.581885
-4.106918 -2.577774
-4.099144 -2.573661
-4.091375 -2.569547
-4.083610 -2.565431
-4.075849 -2.561313
-4.068094 -2.557194
-4.060343 -2.553073
-4.052597 -2.548950
-4.044855 -2.544826
-4.037118 -2.540699
-4.029386 -2.536571
-4.021658 -2.532442
-4.013935 -2.528310
-4.006217 -2.524177
-3.998504 -2.520043
-3.990795 -2.515906
-3.983091 -2.511768
-3.975392 -2.507628
-3.967698 -2.503486
-3.960009 -2.499343
-3.952325 -2.495198
-3.944645 -2.491051
-3.936971 -2.486903
-3.929301 -2.482752
-3.921636 -2.478600
-3.913977 -2.474447
-3.906322 -2.470291
-3.898672 -2.466134
-3.891027 -2.461975
-3.883387 -2.457815
-3.875753 -2.453652
-3.868123 -2.449488
-3.860499 -2.445322
-3.852879 -2.441155
-3.845265 -2.436986
-3.837656 -2.432815
-3.830052 -2.428642
-3.822453 -2.424467
-3.814859 -2.420291
-3.807271 -2.416113
-3.799688 -2.411934
-3.792110 -2.407752
-3.784537 -2.403569
-3.776970 -2.399384
-3.769408 -2.395197
-3.761851 -2.391009
-3.754300 -2.386819
-3.746754 -2.382627
-3.739214 -2.378433
-3.731679 -2.374238
-3.724149 -2.370041
-3.716625 -2.365842
-3.709106 -2.361641
-3.701593 -2.357439
-3.694085 -2.353235
-3.686583 -2.349029
-3.679086 -2.344821
-3.671595 -2.340612
-3.664110 -2.336401
-3.656630 -2.332188
-3.649156 -2.327973
-3.641687 -2.323757
-3.634224 -2.319539
-3.626767 -2.315319
-3.619316 -2.311097
-3.611870 -2.306874
-3.604430 -2.302649
-3.596996 -2.298422
-3.589568 -2.294193
-3.582146 -2.289963
-3.574729 -2.285731
-3.567318 -2.281497
-3.559913 -2.277261
-3.552515 -2.273024
-3.545122 -2.268785
-3.537735 -2.264544
-3.530354 -2.260301
-3.522979 -2.256057
-3.515610 -2.251811
-3.508247 -2.247563
-3.500890 -2.243313
-3.493539 -2.239062
-3.486195 -2.234809
-3.478856 -2.230554
-3.471524 -2.226297
-3.464198 -2.222039
-3.456878 -2.217779
-3.449564 -2.213517
-3.442257 -2.209254
-3.434956 -2.204989
-3.427661 -2.200722
-3.420373 -2.196453
-3.413090 -2.192182
-3.405815 -2.187910
-3.398545 -2.183636
-3.391283 -2.179361
-3.384026 -2.175083
-3.376776 -2.170804
-3.369533 -2.166523
-3.362296 -2.162241
-3.355065 -2.157957
-3.347841 -2.153671
-3.340624 -2.149383
-3.333414 -2.145093
-3.326210 -2.140802
-3.319012 -2.136509
-3.311822 -2.132215
-3.304638 -2.127919
-3.297461 -2.123621
-3.290290 -2.119321
-3.283127 -2.115020
-3.275970 -2.110717
-3.268820 -2.106412
-3.261677 -2.102105
-3.254541 -2.097797
-3.247412 -2.093488
-3.240289 -2.089176
-3.233174 -2.084863
-3.226066 -2.080548
-3.218965 -2.076231
-3.211870 -2.071913
-3.204783 -2.067593
-3.197703 -2.063272
-3.190630 -2.058949
-3.183564 -2.054624
-3.176506 -2.050297
-3.169454 -2.045969
-3.162410 -2.041639
-3.155373 -2.037308
-3.148344 -2.032975
-3.141322 -2.028640
-3.134307 -2.024303
-3.127299 -2.019965
-3.120299 -2.015626
-3.113306 -2.011284
-3.106321 -2.006942
-3.099343 -2.002597
-3.092373 -1.998251
-3.085410 -1.993903
-3.078455 -1.989554
-3.071507 -1.985203
-3.064567 -1.980851
-3.057635 -1.976497
-3.050710 -1.972141
-3.043793 -1.967784
-3.036884 -1.963425
-3.029983 -1.959065
-3.023089 -1.954703
-3.016203 -1.950339
-3.009325 -1.945974
-3.002455 -1.941608
-2.995592 -1.937240
-2.988738 -1.932870
-2.981892 -1.928499
-2.975053 -1.924126
-2.968223 -1.919752
-2.961400 -1.915376
-2.954586 -1.910999
-2.947780 -1.906621
-2.940982 -1.902240
-2.934192 -1.897859
-2.927410 -1.893476
-2.920636 -1.889091
-2.913871 -1.884705
-2.907114 -1.880318
-2.900365 -1.875929
-2.893625 -1.871539
-2.886893 -1.867147
-2.880169 -1.862754
-2.873454 -1.858359
-2.866747 -1.853963
-2.860049 -1.849566
-2.853359 -1.845167
-2.846678 -1.840767
-2.840005 -1.836366
-2.833341 -1.831963
-2.826685 -1.827559
-2.820038 -1.823153
-2.813400 -1.818746
-2.806771 -1.814338
-2.800150 -1.809929
-2.793538 -1.805518
-2.786935 -1.801106
-2.780340 -1.796692
-2.773755 -1.792278
-2.767178 -1.787862
-2.760611 -1.783445
-2.754052 -1.779027
-2.747502 -1.774607
-2.740961 -1.770186
-2.734430 -1.765764
-2.727907 -1.761341
-2.721393 -1.756917
-2.714889 -1.752491
-2.708394 -1.748065
-2.701908 -1.743637
-2.695431 -1.739208
-2.688963 -1.734778
-2.682505 -1.730347
-2.676056 -1.725914
-2.669616 -1.721481
-2.663186 -1.717047
-2.656765 -1.712611
-2.650353 -1.708175
-2.643951 -1.703737
-2.637558 -1.699298
-2.631175 -1.694859
-2.624802 -1.690418
-2.618437 -1.685977
-2.612083 -1.681534
-2.605738 -1.677091
-2.599403 -1.672647
-2.593078 -1.668201
-2.586762 -1.663755
-2.580456 -1.659308
-2.574160 -1.654860
-2.567873 -1.650412
-2.561596 -1.645962
-2.555330 -1.641512
-2.549073 -1.637061
-2.542826 -1.632609
-2.536589 -1.628156
-2.530362 -1.623703
-2.524144 -1.619249
-2.517937 -1.614794
-2.511740 -1.610338
-2.505553 -1.605882
-2.499376 -1.601425
-2.493210 -1.596968
-2.487053 -1.592510
-2.480907 -1.588051
-2.474770 -1.583592
-2.468644 -1.579132
-2.462529 -1.574671
-2.456423 -1.570211
-2.450328 -1.565749
-2.444243 -1.561287
-2.438169 -1.556825
-2.432105 -1.552362
-2.426051 -1.547899
-2.420008 -1.543436
-2.413975 -1.538972
-2.407953 -1.534508
-2.401941 -1.530043
-2.395939 -1.525578
-2.389949 -1.521113
-2.383969 -1.516648
-2.377999 -1.512183
-2.372040 -1.507717
-2.366092 -1.503251
-2.360154 -1.498785
-2.354227 -1.494319
-2.348311 -1.489852
-2.342405 -1.485386
-2.336510 -1.480920
-2.330626 -1.476453
-2.324753 -1.471987
-2.318890 -1.467520
-2.313038 -1.463054
-2.307198 -1.458588
-2.301368 -1.454122
-2.295548 -1.449656
-2.289740 -1.445190
-2.283943 -1.440725
-2.278156 -1.436259
-2.272381 -1.431794
-2.266616 -1.427329
-2.260862 -1.422865
-2.255120 -1.418401
-2.249388 -1.413937
-2.243667 -1.409474
-2.237957 -1.405011
-2.232259 -1.400548
-2.226571 -1.396086
-2.220894 -1.391625
-2.215229 -1.387164
-2.209574 -1.382704
-2.203931 -1.378245
-2.198298 -1.373786
-2.192677 -1.369327
-2.187067 -1.364870
-2.181468 -1.360413
-2.175879 -1.355958
-2.170302 -1.351503
-2.164737 -1.347048
-2.159182 -1.342595
-2.153638 -1.338143
-2.148105 -1.333692
-2.142584 -1.329241
-2.137074 -1.324792
-2.131574 -1.320344
-2.126086 -1.315897
-2.120609 -1.311451
-2.115143 -1.307007
-2.109688 -1.302564
-2.104244 -1.298122
-2.098811 -1.293681
-2.093389 -1.289242
-2.087978 -1.284804
-2.082579 -1.280367
-2.077190 -1.275932
-2.071812 -1.271499
-2.066446 -1.267067
-2.061090 -1.262637
-2.055745 -1.258208
-2.050411 -1.253781
-2.045088 -1.249356
-2.039776 -1.244933
-2.034475 -1.240511
-2.029185 -1.236092
-2.023905 -1.231674
-2.018636 -1.227258
-2.013378 -1.222845
-2.008131 -1.218433
-2.002895 -1.214024
-1.997669 -1.209616
-1.992454 -1.205211
-1.987249 -1.200808
-1.982055 -1.196407
-1.976872 -1.192009
-1.971699 -1.187613
-1.966536 -1.183219
-1.961384 -1.178828
-1.956242 -1.174440
-1.951111 -1.170054
-1.945989 -1.165671
-1.940878 -1.161290
-1.935778 -1.156912
-1.930687 -1.152537
-1.925606 -1.148164
-1.920536 -1.143795
-1.915475 -1.139428
-1.910424 -1.135065
-1.905383 -1.130704
-1.900352 -1.126347
-1.895330 -1.121992
-1.890318 -1.117641
-1.885315 -1.113293
-1.880322 -1.108948
-1.875338 -1.104607
-1.870364 -1.100269
-1.865399 -1.095934
-1.860443 -1.091603
-1.855496 -1.087276
-1.850557 -1.082952
-1.845628 -1.078631
-1.840708 -1.074315
-1.835796 -1.070002
-1.830892 -1.065693
-1.825997 -1.061387
-1.821111 -1.057086
-1.816232 -1.052789
-1.811362 -1.048495
-1.806500 -1.044206
-1.801645 -1.039921
-1.796799 -1.035640
-1.791960 -1.031363
-1.787128 -1.027091
-1.782304 -1.022823
-1.777487 -1.018559
-1.772678 -1.014299
-1.767875 -1.010045
-1.763079 -1.005794
-1.758290 -1.001549
-1.753507 -0.997308
-1.748730 -0.993071
-1.743960 -0.988840
-1.739196 -0.984613
-1.734437 -0.980391
-1.729685 -0.976174
-1.724938 -0.971962
-1.720196 -0.967755
-1.715459 -0.963553
-1.710727 -0.959356
-1.706001 -0.955165
-1.701278 -0.950978
-1.696560 -0.946797
-1.691847 -0.942621
-1.687137 -0.938451
-1.682431 -0.934286
-1.677728 -0.930126
-1.673029 -0.925972
-1.668333 -0.921823
-1.663640 -0.917680
-1.658949 -0.913543
-1.654261 -0.909412
-1.649575 -0.905286
-1.644891 -0.901166
-1.640208 -0.897052
-1.635527 -0.892943
-1.630847 -0.888841
-1.626168 -0.884744
-1.621489 -0.880654
-1.616811 -0.876569
-1.612132 -0.872491
-1.607453 -0.868419
-1.602774 -0.864353
-1.598094 -0.860293
-1.593412 -0.856239
-1.588729 -0.852192
-1.584044 -0.848151
-1.579357 -0.844116
-1.574667 -0.840088
-1.569975 -0.836066
-1.565279 -0.832050
-1.560579 -0.828041
-1.555876 -0.824039
-1.551168 -0.820042
-1.546456 -0.816053
-1.541739 -0.812070
-1.537016 -0.808093
-1.532287 -0.804124
-1.527552 -0.800160
-1.522811 -0.796204
-1.518062 -0.792254
-1.513306 -0.788311
-1.508542 -0.784374
-1.503769 -0.780444
-1.498988 -0.776521
-1.494198 -0.772605
-1.489398 -0.768695
-1.484587 -0.764792
-1.479766 -0.760896
-1.474934 -0.757006
-1.470091 -0.753124
-1.465235 -0.749248
-1.460366 -0.745379
-1.455485 -0.741516
-1.450590 -0.737660
-1.445680 -0.733811
-1.440756 -0.729969
-1.435817 -0.726134
-1.430861 -0.722305
-1.425890 -0.718483
-1.420901 -0.714667
-1.415895 -0.710858
-1.410871 -0.707056
-1.405828 -0.703261
-1.400766 -0.699472
-1.395684 -0.695689
-1.390581 -0.691913
-1.385458 -0.688144
-1.380312 -0.684381
-1.375144 -0.680625
-1.369953 -0.676875
-1.364738 -0.673131
-1.359498 -0.669394
-1.354234 -0.665662
-1.348943 -0.661938
-1.343626 -0.658219
-1.338282 -0.654507
-1.332910 -0.650800
-1.327509 -0.647100
-1.322078 -0.643405
-1.316618 -0.639717
-1.311126 -0.636034
-1.305603 -0.632358
-1.300047 -0.628687
-1.294458 -0.625021
-1.288835 -0.621362
-1.283177 -0.617708
-1.277484 -0.614059
-1.271754 -0.610416
-1.265986 -0.606778
-1.260181 -0.603146
-1.254336 -0.599518
-1.248452 -0.595896
-1.242527 -0.592279
-1.236560 -0.588667
-1.230551 -0.585059
-1.224498 -0.581457
-1.218401 -0.577859
-1.212259 -0.574266
-1.206071 -0.570678
-1.199835 -0.567094
-1.193552 -0.563514
-1.187220 -0.559939
-1.180838 -0.556367
-1.174406 -0.552800
-1.167921 -0.549237
-1.161384 -0.545678
-1.154793 -0.542123
-1.148148 -0.538572
-1.141447 -0.535024
-1.134689 -0.531480
-1.127873 -0.527940
-1.120999 -0.524403
-1.114065 -0.520869
-1.107071 -0.517339
-1.100015 -0.513812
-1.092896 -0.510288
-1.085713 -0.506767
-1.078466 -0.503249
-1.071152 -0.499734
-1.063772 -0.496222
-1.056324 -0.492713
-1.048807 -0.489206
-1.041220 -0.485702
-1.033562 -0.482201
-1.025832 -0.478702
-1.018029 -0.475206
-1.010151 -0.471712
-1.002199 -0.468221
-0.994170 -0.464732
-0.986063 -0.461246
-0.977879 -0.457762
-0.969615 -0.454280
-0.961270 -0.450801
-0.952844 -0.447324
-0.944336 -0.443850
-0.935744 -0.440377
-0.927068 -0.436908
-0.918306 -0.433440
-0.909457 -0.429976
-0.900521 -0.426513
-0.891497 -0.423054
-0.882383 -0.419597
-0.873179 -0.416142
-0.863883 -0.412691
-0.854495 -0.409243
-0.845014 -0.405797
-0.835439 -0.402355
-0.825769 -0.398916
-0.816003 -0.395480
-0.806140 -0.392049
-0.796180 -0.388620
-0.786121 -0.385196
-0.775964 -0.381776
-0.765706 -0.378361
-0.755348 -0.374950
-0.744889 -0.371544
-0.734328 -0.368143
-0.723664 -0.364747
-0.712897 -0.361358
-0.702025 -0.357974
-0.691050 -0.354596
-0.679969 -0.351226
-0.668783 -0.347862
-0.657491 -0.344505
-0.646093 -0.341157
-0.634587 -0.337816
-0.622975 -0.334484
-0.611255 -0.331162
-0.599428 -0.327849
-0.587493 -0.324545
-0.575449 -0.321253
-0.563297 -0.317971
-0.551037 -0.314701
-0.538669 -0.311443
-0.526192 -0.308198
-0.513607 -0.304966
-0.500914 -0.301747
-0.488112 -0.298544
-0.475203 -0.295355
-0.462187 -0.292183
-0.449063 -0.289026
-0.435833 -0.285887
-0.422496 -0.282766
-0.409054 -0.279664
-0.395506 -0.276581
-0.381854 -0.273518
-0.368098 -0.270475
-0.354239 -0.267455
-0.340278 -0.264457
-0.326216 -0.261482
-0.312053 -0.258531
-0.297791 -0.255605
-0.283431 -0.252705
-0.268974 -0.249832
-0.254422 -0.246986
-0.239775 -0.244168
-0.225035 -0.241379
-0.210204 -0.238621
-0.195283 -0.235893
-0.180273 -0.233198
-0.165177 -0.230535
-0.149996 -0.227905
-0.134733 -0.225311
-0.119388 -0.222751
-0.103964 -0.220228
-0.088463 -0.217742
-0.072887 -0.215294
-0.057238 -0.212885
-0.041519 -0.210516
-0.025732 -0.208187
-0.009879 -0.205899
0.006037 -0.203654
0.022014 -0.201452
0.038050 -0.199294
0.054140 -0.197181
0.070284 -0.195113
0.086478 -0.193091
0.102719 -0.191115
0.119004 -0.189188
0.135331 -0.187308
0.151697 -0.185478
0.168098 -0.183697
0.184531 -0.181966
0.200994 -0.180285
0.217483 -0.178656
0.233995 -0.177079
0.250526 -0.175553
0.267075 -0.174080
0.283636 -0.172661
0.300208 -0.171294
0.316786 -0.169981
0.333367 -0.168722
0.349949 -0.167518
0.366527 -0.166367
0.383098 -0.165272
0.399659 -0.164231
0.416206 -0.163244
0.432737 -0.162313
0.449247 -0.161437
0.465733 -0.160615
0.482193 -0.159848
0.498622 -0.159136
0.515017 -0.158479
0.531375 -0.157875
0.547693 -0.157326
0.563968 -0.156831
0.580195 -0.156389
0.596372 -0.156001
0.612497 -0.155665
0.628565 -0.155381
0.644573 -0.155149
0.660520 -0.154969
0.676400 -0.154840
0.692213 -0.154760
0.707954 -0.154731
0.723622 -0.154750
0.739213 -0.154818
0.754724 -0.154933
0.770153 -0.155095
0.785498 -0.155303
0.800755 -0.155556
0.815923 -0.155854
0.830999 -0.156196
0.845981 -0.156580
0.860866 -0.157006
0.875653 -0.157473
0.890340 -0.157981
0.904924 -0.158527
0.919403 -0.159111
0.933776 -0.159733
0.948041 -0.160391
0.962197 -0.161083
0.976241 -0.161811
0.990173 -0.162571
1.003991 -0.163363
1.017693 -0.164187
1.031279 -0.165040
1.044746 -0.165923
1.058095 -0.166833
1.071324 -0.167770
1.084432 -0.168734
1.097419 -0.169722
1.110283 -0.170734
1.123025 -0.171769
1.135642 -0.172826
1.148136 -0.173904
1.160505 -0.175001
1.172749 -0.176118
1.184868 -0.177252
1.196861 -0.178403
1.208729 -0.179570
1.220471 -0.180752
1.232088 -0.181948
1.243579 -0.183158
1.254944 -0.184380
1.266185 -0.185613
1.277300 -0.186856
1.288291 -0.188110
1.299157 -0.189372
1.309900 -0.190643
1.320519 -0.191920
1.331016 -0.193205
1.341390 -0.194495
1.351643 -0.195790
1.361775 -0.197090
1.371786 -0.198393
1.381679 -0.199700
1.391453 -0.201008
1.401109 -0.202319
1.410649 -0.203631
1.420073 -0.204943
1.429382 -0.206256
1.438578 -0.207568
1.447661 -0.208879
1.456632 -0.210188
1.465493 -0.211496
1.474244 -0.212801
1.482888 -0.214103
1.491424 -0.215402
1.499855 -0.216698
1.508181 -0.217989
1.516405 -0.219276
1.524526 -0.220558
1.532547 -0.221836
1.540468 -0.223107
1.548291 -0.224374
1.556018 -0.225634
1.563650 -0.226888
1.571187 -0.228136
1.578632 -0.229377
1.585986 -0.230611
1.593250 -0.231839
1.600426 -0.233059
1.607515 -0.234272
1.614518 -0.235478
1.621438 -0.236675
1.628274 -0.237866
1.635029 -0.239048
1.641704 -0.240222
1.648301 -0.241389
1.654821 -0.242547
1.661265 -0.243698
1.667634 -0.244840
1.673931 -0.245974
1.680156 -0.247100
1.686311 -0.248217
1.692398 -0.249327
1.698417 -0.250428
1.704370 -0.251520
1.710258 -0.252605
1.716083 -0.253681
1.721846 -0.254750
1.727549 -0.255810
1.733192 -0.256862
1.738778 -0.257906
1.744306 -0.258942
1.749780 -0.259970
1.755199 -0.260990
1.760565 -0.262002
1.765880 -0.263007
1.771145 -0.264004
1.776360 -0.264993
1.781528 -0.265975
1.786649 -0.266950
1.791724 -0.267917
1.796755 -0.268877
1.801743 -0.269830
1.806689 -0.270776
1.811595 -0.271716
1.816461 -0.272648
1.821288 -0.273573
1.826077 -0.274493
1.830831 -0.275405
1.835549 -0.276311
1.840232 -0.277211
1.844883 -0.278105
1.849501 -0.278993
1.854088 -0.279874
1.858646 -0.280750
1.863174 -0.281621
1.867673 -0.282485
1.872146 -0.283344
1.876592 -0.284198
1.881013 -0.285046
1.885410 -0.285890
1.889783 -0.286728
1.894133 -0.287561
1.898462 -0.288390
1.902769 -0.289214
1.907057 -0.290033
1.911326 -0.290847
1.915576 -0.291657
1.919808 -0.292463
1.924024 -0.293265
1.928224 -0.294062
1.932409 -0.294856
1.936579 -0.295645
1.940735 -0.296431
1.944879 -0.297213
1.949010 -0.297991
1.953129 -0.298766
1.957238 -0.299537
1.961337 -0.300305
1.965426 -0.301070
1.969506 -0.301831
1.973578 -0.302589
1.977642 -0.303345
1.981700 -0.304097
1.985751 -0.304846
1.989796 -0.305592
1.993837 -0.306336
1.997872 -0.307077
2.001904 -0.307815
2.005932 -0.308551
2.009957 -0.309284
2.013980 -0.310015
2.018001 -0.310743
2.022021 -0.311470
2.026040 -0.312193
2.030058 -0.312915
2.034077 -0.313635
2.038096 -0.314352
2.042116 -0.315067
2.046138 -0.315780
2.050162 -0.316492
2.054188 -0.317201
2.058217 -0.317909
2.062249 -0.318614
2.066285 -0.319318
2.070324 -0.320020
2.074369 -0.320721
2.078418 -0.321420
2.082472 -0.322117
2.086532 -0.322812
2.090598 -0.323506
2.094670 -0.324198
2.098748 -0.324889
2.102834 -0.325578
2.106926 -0.326265
2.111027 -0.326952
2.115135 -0.327636
2.119251 -0.328320
2.123376 -0.329001
2.127510 -0.329682
2.131653 -0.330361
2.135805 -0.331038
2.139966 -0.331715
2.144138 -0.332390
2.148319 -0.333063
2.152511 -0.333735
2.156714 -0.334406
2.160927 -0.335076
2.165151 -0.335744
2.169387 -0.336411
2.173634 -0.337076
2.177893 -0.337740
2.182164 -0.338403
2.186447 -0.339065
2.190742 -0.339725
2.195050 -0.340384
2.199370 -0.341042
2.203704 -0.341698
2.208050 -0.342353
2.212410 -0.343007
2.216783 -0.343659
2.221169 -0.344310
2.225569 -0.344959
2.229983 -0.345607
2.234411 -0.346254
2.238853 -0.346899
2.243309 -0.347543
2.247780 -0.348186
2.252265 -0.348827
2.256765 -0.349467
2.261280 -0.350105
2.265809 -0.350742
2.270354 -0.351377
2.274913 -0.352011
2.279488 -0.352643
2.284078 -0.353273
2.288683 -0.353903
2.293304 -0.354530
2.297940 -0.355156
2.302592 -0.355781
2.307260 -0.356403
2.311943 -0.357024
2.316642 -0.357644
2.321358 -0.358262
2.326089 -0.358878
2.330836 -0.359492
2.335600 -0.360105
2.340379 -0.360716
2.345175 -0.361325
2.349987 -0.361932
2.354816 -0.362538
2.359661 -0.363141
2.364522 -0.363743
2.369400 -0.364343
2.374294 -0.364941
2.379205 -0.365537
2.384133 -0.366131
2.389077 -0.366723
2.394038 -0.367313
2.399015 -0.367901
2.404009 -0.368487
2.409020 -0.369071
2.414047 -0.369653
2.419092 -0.370233
2.424153 -0.370811
2.429231 -0.371386
2.434325 -0.371959
2.439437 -0.372530
2.444565 -0.373099
2.449710 -0.373666
2.454872 -0.374230
2.460051 -0.374792
2.465246 -0.375352
2.470459 -0.375910
2.475688 -0.376465
2.480934 -0.377017
2.486197 -0.377567
2.491476 -0.378115
2.496773 -0.378661
2.502086 -0.379203
2.507416 -0.379744
2.512763 -0.380282
2.518126 -0.380817
2.523506 -0.381350
2.528903 -0.381880
2.534317 -0.382407
2.539747 -0.382932
2.545194 -0.383454
2.550658 -0.383974
2.556138 -0.384491
2.561634 -0.385005
2.567148 -0.385516
2.572677 -0.386025
2.578224 -0.386531
2.583786 -0.387034
2.589366 -0.387534
2.594961 -0.388031
2.600573 -0.388526
2.606201 -0.389018
2.611846 -0.389506
2.617507 -0.389992
2.623184 -0.390475
2.628877 -0.390955
2.634587 -0.391432
2.640312 -0.391906
2.646054 -0.392376
2.651811 -0.392844
2.657585 -0.393309
2.663375 -0.393771
2.669180 -0.394229
2.675002 -0.394685
2.680839 -0.395137
2.686692 -0.395587
2.692561 -0.396033
2.698446 -0.396475
2.704346 -0.396915
2.710262 -0.397352
2.716193 -0.397785
2.722140 -0.398215
2.728102 -0.398642
2.734080 -0.399065
2.740073 -0.399485
2.746082 -0.399902
2.752106 -0.400316
2.758145 -0.400726
2.764199 -0.401133
2.770268 -0.401536
2.776353 -0.401936
2.782452 -0.402333
2.788567 -0.402726
2.794696 -0.403116
2.800840 -0.403502
2.806999 -0.403885
2.813173 -0.404265
2.819362 -0.404641
2.825565 -0.405013
2.831783 -0.405382
2.838016 -0.405748
2.844263 -0.406110
2.850524 -0.406468
2.856800 -0.406823
2.863090 -0.407175
2.869395 -0.407522
2.875713 -0.407867
2.882046 -0.408207
2.888393 -0.408544
2.894755 -0.408878
2.901130 -0.409207
2.907519 -0.409533
2.913922 -0.409856
2.920339 -0.410175
2.926770 -0.410490
2.933214 -0.410801
2.939673 -0.411109
2.946144 -0.411413
2.952630 -0.411714
2.959129 -0.412011
2.965641 -0.412304
2.972167 -0.412593
2.978707 -0.412878
2.985259 -0.413160
2.991825 -0.413438
2.998404 -0.413713
3.004996 -0.413983
3.011601 -0.414250
3.018220 -0.414513
3.024851 -0.414772
3.031495 -0.415028
3.038152 -0.415280
3.044822 -0.415528
3.051505 -0.415772
3.058200 -0.416012
3.064908 -0.416248
3.071629 -0.416481
3.078362 -0.416710
3.085108 -0.416935
3.091866 -0.417156
3.098637 -0.417373
3.105419 -0.417587
3.112214 -0.417797
3.119022 -0.418002
3.125841 -0.418204
3.132673 -0.418402
3.139516 -0.418597
3.146372 -0.418787
3.153240 -0.418973
3.160119 -0.419156
3.167010 -0.419335
3.173913 -0.419510
3.180828 -0.419681
3.187755 -0.419848
3.194693 -0.420011
3.201642 -0.420170
3.208604 -0.420326
3.215576 -0.420477
3.222560 -0.420625
3.229556 -0.420769
3.236562 -0.420908
3.243580 -0.421044
3.250610 -0.421176
3.257650 -0.421305
3.264701 -0.421429
3.271764 -0.421549
3.278837 -0.421666
3.285922 -0.421778
3.293017 -0.421887
3.300124 -0.421992
3.307240 -0.422092
3.314368 -0.422189
3.321507 -0.422282
3.328656 -0.422371
3.335815 -0.422457
3.342986 -0.422538
3.350166 -0.422615
3.357358 -0.422689
3.364559 -0.422758
3.371771 -0.422824
3.378993 -0.422886
3.386226 -0.422943
3.393468 -0.422997
3.400721 -0.423047
3.407984 -0.423094
3.415257 -0.423136
3.422540 -0.423174
3.429833 -0.423209
3.437136 -0.423239
3.444448 -0.423266
3.451771 -0.423289
3.459103 -0.423307
3.466445 -0.423322
3.473797 -0.423334
3.481158 -0.423341
3.488529 -0.423344
3.495910 -0.423344
3.503300 -0.423339
3.510699 -0.423331
3.518108 -0.423319
3.525526 -0.423303
3.532954 -0.423283
3.540390 -0.423259
3.547836 -0.423231
3.555291 -0.423200
3.562756 -0.423164
3.570229 -0.423125
3.577712 -0.423082
3.585203 -0.423035
3.592703 -0.422984
3.600213 -0.422930
3.607731 -0.422871
3.615258 -0.422809
3.622794 -0.422743
3.630338 -0.422673
3.637892 -0.422599
3.645454 -0.422522
3.653024 -0.422440
3.660603 -0.422355
3.668191 -0.422266
3.675787 -0.422173
3.683392 -0.422077
3.691005 -0.421976
3.698626 -0.421872
3.706256 -0.421764
3.713894 -0.421652
3.721540 -0.421537
3.729195 -0.421418
3.736858 -0.421294
3.744528 -0.421168
3.752207 -0.421037
3.759894 -0.420903
3.767589 -0.420764
3.775292 -0.420623
3.783003 -0.420477
3.790722 -0.420328
3.798449 -0.420174
3.806183 -0.420018
3.813925 -0.419857
3.821675 -0.419693
3.829433 -0.419525
3.837199 -0.419353
3.844972 -0.419178
3.852752 -0.418999
3.860541 -0.418816
3.868336 -0.418629
3.876139 -0.418439
3.883950 -0.418245
3.891768 -0.418048
3.899594 -0.417847
3.907427 -0.417642
3.915267 -0.417433
3.923114 -0.417221
3.930969 -0.417005
3.938831 -0.416786
3.946700 -0.416563
3.954576 -0.416336
3.962459 -0.416106
3.970350 -0.415872
3.978247 -0.415634
3.986151 -0.415393
3.994063 -0.415148
4.001981 -0.414900
4.009906 -0.414648
4.017838 -0.414392
4.025777 -0.414133
4.033723 -0.413870
4.041675 -0.413604
4.049635 -0.413334
4.057600 -0.413060
4.065573 -0.412783
4.073552 -0.412503
4.081538 -0.412219
4.089530 -0.411931
4.097529 -0.411640
4.105535 -0.411345
4.113547 -0.411047
4.121565 -0.410746
4.129590 -0.410440
4.137621 -0.410132
4.145659 -0.409820
4.153703 -0.409504
4.161753 -0.409185
4.169809 -0.408862
4.177872 -0.408536
4.185941 -0.408207
4.194016 -0.407874
4.202097 -0.407537
4.210185 -0.407197
4.218278 -0.406854
4.226378 -0.406507
4.234483 -0.406157
4.242595 -0.405803
4.250712 -0.405446
4.258836 -0.405086
4.266965 -0.404722
4.275100 -0.404355
4.283241 -0.403984
4.291388 -0.403610
4.299541 -0.403233
4.307700 -0.402852
4.315864 -0.402468
4.324034 -0.402081
4.332210 -0.401690
4.340391 -0.401296
4.348578 -0.400898
4.356771 -0.400497
4.364969 -0.400093
4.373173 -0.399686
4.381383 -0.399275
4.389598 -0.398861
4.397818 -0.398444
4.406044 -0.398023
4.414275 -0.397599
4.422512 -0.397172
4.430754 -0.396741
4.439002 -0.396308
4.447254 -0.395871
4.455513 -0.395430
4.463776 -0.394987
4.472045 -0.394540
4.480319 -0.394090
4.488598 -0.393637
4.496882 -0.393180
4.505171 -0.392721
4.513466 -0.392258
4.521766 -0.391792
4.530071 -0.391322
4.538381 -0.390850
4.546695 -0.390374
4.555015 -0.389895
4.563340 -0.389413
4.571670 -0.388928
4.580005 -0.388440
4.588345 -0.387948
4.596690 -0.387454
4.605039 -0.386956
4.613394 -0.386455
4.621753 -0.385951
4.630117 -0.385444
4.638486 -0.384934
4.646860 -0.384420
4.655239 -0.383904
4.663622 -0.383384
4.672010 -0.382862
4.680402 -0.382336
4.688800 -0.381807
4.697202 -0.381275
4.705608 -0.380740
4.714019 -0.380202
4.722435 -0.379661
4.730855 -0.379117
4.739280 -0.378570
4.747709 -0.378020
4.756143 -0.377467
4.764581 -0.376911
4.773024 -0.376351
4.781471 -0.375789
4.789923 -0.375224
4.798379 -0.374656
4.806839 -0.374085
4.815304 -0.373510
4.823773 -0.372933
4.832247 -0.372353
4.840724 -0.371770
4.849206 -0.371184
4.857693 -0.370595
4.866183 -0.370003
4.874678 -0.369408
4.883177 -0.368811
4.891680 -0.368210
4.900187 -0.367606
4.908699 -0.367000
4.917214 -0.366390
4.925734 -0.365778
4.934258 -0.365163
4.942785 -0.364545
4.951317 -0.363924
4.959853 -0.363300
4.968393 -0.362673
4.976937 -0.362043
4.985485 -0.361411
4.994037 -0.360776
