-4.995944 -3.568392
-4.986654 -3.565769
-4.977363 -3.563147
-4.968073 -3.560525
-4.958783 -3.557903
-4.949494 -3.555281
-4.940204 -3.552659
-4.930915 -3.550037
-4.921627 -3.547416
-4.912338 -3.544794
-4.903050 -3.542173
-4.893762 -3.539552
-4.884475 -3.536931
-4.875187 -3.534310
-4.865900 -3.531689
-4.856613 -3.529069
-4.847327 -3.526448
-4.838040 -3.523828
-4.828754 -3.521208
-4.819468 -3.518588
-4.810183 -3.515968
-4.800897 -3.513348
-4.791612 -3.510729
-4.782327 -3.508109
-4.773042 -3.505490
-4.763758 -3.502871
-4.754474 -3.500252
-4.745190 -3.497633
-4.735906 -3.495014
-4.726622 -3.492395
-4.717339 -3.489777
-4.708055 -3.487159
-4.698772 -3.484541
-4.689490 -3.481923
-4.680207 -3.479305
-4.670924 -3.476687
-4.661642 -3.474070
-4.652360 -3.471452
-4.643078 -3.468835
-4.633796 -3.466218
-4.624514 -3.463601
-4.615233 -3.460984
-4.605951 -3.458368
-4.596670 -3.455751
-4.587389 -3.453135
-4.578108 -3.450519
-4.568827 -3.447903
-4.559546 -3.445287
-4.550265 -3.442672
-4.540985 -3.440056
-4.531704 -3.437441
-4.522424 -3.434826
-4.513144 -3.432211
-4.503864 -3.429596
-4.494583 -3.426981
-4.485303 -3.424367
-4.476023 -3.421752
-4.466743 -3.419138
-4.457464 -3.416524
-4.448184 -3.413910
-4.438904 -3.411297
-4.429624 -3.408683
-4.420345 -3.406070
-4.411065 -3.403457
-4.401785 -3.400844
-4.392506 -3.398231
-4.383226 -3.395619
-4.373946 -3.393006
-4.364667 -3.390394
-4.355387 -3.387782
-4.346107 -3.385170
-4.336827 -3.382558
-4.327548 -3.379947
-4.318268 -3.377335
-4.308988 -3.374724
-4.299708 -3.372113
-4.290428 -3.369502
-4.281148 -3.366892
-4.271868 -3.364281
-4.262587 -3.361671
-4.253307 -3.359061
-4.244027 -3.356451
-4.234746 -3.353841
-4.225465 -3.351232
-4.216184 -3.348622
-4.206903 -3.346013
-4.197622 -3.343404
-4.188341 -3.340796
-4.179060 -3.338187
-4.169778 -3.335579
-4.160496 -3.332970
-4.151214 -3.330362
-4.141932 -3.327755
-4.132649 -3.325147
-4.123367 -3.322539
-4.114084 -3.319932
-4.104800 -3.317325
-4.095517 -3.314718
-4.086233 -3.312112
-4.076949 -3.309505
-4.067665 -3.306899
-4.058381 -3.304293
-4.049096 -3.301687
-4.039811 -3.299081
-4.030525 -3.296476
-4.021239 -3.293870
-4.011953 -3.291265
-4.002667 -3.288660
-3.993380 -3.286056
-3.984093 -3.283451
-3.974805 -3.280847
-3.965517 -3.278243
-3.956229 -3.275639
-3.946940 -3.273035
-3.937650 -3.270432
-3.928361 -3.267829
-3.919070 -3.265226
-3.909780 -3.262623
-3.900488 -3.260020
-3.891197 -3.257418
-3.881904 -3.254815
-3.872612 -3.252213
-3.863318 -3.249612
-3.854025 -3.247010
-3.844730 -3.244409
-3.835435 -3.241807
-3.826140 -3.239206
-3.816843 -3.236606
-3.807547 -3.234005
-3.798249 -3.231405
-3.788951 -3.228805
-3.779652 -3.226205
-3.770353 -3.223605
-3.761053 -3.221005
-3.751752 -3.218406
-3.742450 -3.215807
-3.733148 -3.213208
-3.723845 -3.210610
-3.714541 -3.208011
-3.705237 -3.205413
-3.695931 -3.202815
-3.686625 -3.200217
-3.677318 -3.197620
-3.668010 -3.195022
-3.658701 -3.192425
-3.649392 -3.189828
-3.640081 -3.187231
-3.630769 -3.184635
-3.621457 -3.182039
-3.612144 -3.179442
-3.602829 -3.176847
-3.593514 -3.174251
-3.584198 -3.171656
-3.574880 -3.169060
-3.565562 -3.166465
-3.556242 -3.163871
-3.546922 -3.161276
-3.537600 -3.158682
-3.528277 -3.156088
-3.518953 -3.153494
-3.509628 -3.150900
-3.500302 -3.148307
-3.490974 -3.145713
-3.481646 -3.143120
-3.472316 -3.140527
-3.462985 -3.137935
-3.453652 -3.135342
-3.444318 -3.132750
-3.434983 -3.130158
-3.425647 -3.127567
-3.416309 -3.124975
-3.406969 -3.122384
-3.397629 -3.119793
-3.388287 -3.117202
-3.378943 -3.114611
-3.369598 -3.112021
-3.360251 -3.109431
-3.350903 -3.106841
-3.341554 -3.104251
-3.332202 -3.101661
-3.322849 -3.099072
-3.313495 -3.096483
-3.304139 -3.093894
-3.294781 -3.091305
-3.285421 -3.088716
-3.276060 -3.086128
-3.266697 -3.083540
-3.257332 -3.080952
-3.247965 -3.078364
-3.238597 -3.075777
-3.229226 -3.073190
-3.219854 -3.070603
-3.210480 -3.068016
-3.201104 -3.065429
-3.191725 -3.062843
-3.182345 -3.060256
-3.172963 -3.057670
-3.163579 -3.055085
-3.154192 -3.052499
-3.144804 -3.049913
-3.135413 -3.047328
-3.126020 -3.044743
-3.116625 -3.042158
-3.107228 -3.039574
-3.097828 -3.036989
-3.088426 -3.034405
-3.079022 -3.031821
-3.069616 -3.029237
-3.060206 -3.026653
-3.050795 -3.024070
-3.041381 -3.021487
-3.031964 -3.018904
-3.022545 -3.016321
-3.013124 -3.013738
-3.003700 -3.011155
-2.994273 -3.008573
-2.984843 -3.005991
-2.975411 -3.003409
-2.965976 -3.000827
-2.956538 -2.998245
-2.947097 -2.995664
-2.937654 -2.993083
-2.928207 -2.990502
-2.918758 -2.987921
-2.909305 -2.985340
-2.899850 -2.982759
-2.890391 -2.980179
-2.880930 -2.977598
-2.871465 -2.975018
-2.861997 -2.972438
-2.852526 -2.969858
-2.843052 -2.967279
-2.833574 -2.964699
-2.824093 -2.962120
-2.814609 -2.959541
-2.805121 -2.956962
-2.795630 -2.954383
-2.786135 -2.951804
-2.776637 -2.949225
-2.767135 -2.946647
-2.757629 -2.944069
-2.748120 -2.941490
-2.738607 -2.938912
-2.729090 -2.936334
-2.719569 -2.933756
-2.710045 -2.931179
-2.700516 -2.928601
-2.690984 -2.926024
-2.681448 -2.923446
-2.671907 -2.920869
-2.662363 -2.918292
-2.652814 -2.915715
-2.643261 -2.913138
-2.633704 -2.910561
-2.624142 -2.907984
-2.614576 -2.905408
-2.605006 -2.902831
-2.595431 -2.900255
-2.585852 -2.897678
-2.576268 -2.895102
-2.566680 -2.892526
-2.557087 -2.889950
-2.547489 -2.887374
-2.537886 -2.884798
-2.528279 -2.882222
-2.518667 -2.879646
-2.509049 -2.877070
-2.499427 -2.874494
-2.489800 -2.871918
-2.480167 -2.869343
-2.470530 -2.866767
-2.460887 -2.864191
-2.451239 -2.861616
-2.441586 -2.859040
-2.431927 -2.856465
-2.422262 -2.853889
-2.412593 -2.851314
-2.402917 -2.848739
-2.393236 -2.846163
-2.383549 -2.843588
-2.373857 -2.841012
-2.364159 -2.838437
-2.354454 -2.835861
-2.344744 -2.833286
-2.335028 -2.830710
-2.325306 -2.828135
-2.315577 -2.825559
-2.305843 -2.822984
-2.296102 -2.820408
-2.286354 -2.817833
-2.276601 -2.815257
-2.266841 -2.812681
-2.257074 -2.810106
-2.247301 -2.807530
-2.237521 -2.804954
-2.227734 -2.802378
-2.217941 -2.799802
-2.208140 -2.797226
-2.198333 -2.794650
-2.188519 -2.792073
-2.178697 -2.789497
-2.168868 -2.786920
-2.159033 -2.784344
-2.149189 -2.781767
-2.139339 -2.779190
-2.129481 -2.776613
-2.119615 -2.774036
-2.109742 -2.771459
-2.099861 -2.768882
-2.089973 -2.766304
-2.080077 -2.763727
-2.070172 -2.761149
-2.060260 -2.758571
-2.050340 -2.755993
-2.040411 -2.753414
-2.030475 -2.750836
-2.020530 -2.748257
-2.010577 -2.745678
-2.000615 -2.743099
-1.990645 -2.740520
-1.980666 -2.737941
-1.970678 -2.735361
-1.960682 -2.732781
-1.950677 -2.730201
-1.940663 -2.727620
-1.930640 -2.725040
-1.920608 -2.722459
-1.910567 -2.719878
-1.900516 -2.717297
-1.890457 -2.714715
-1.880387 -2.712133
-1.870309 -2.709551
-1.860221 -2.706968
-1.850123 -2.704386
-1.840015 -2.701803
-1.829898 -2.699219
-1.819770 -2.696636
-1.809633 -2.694052
-1.799486 -2.691467
-1.789328 -2.688883
-1.779161 -2.686298
-1.768983 -2.683712
-1.758794 -2.681127
-1.748595 -2.678541
-1.738386 -2.675954
-1.728165 -2.673368
-1.717935 -2.670781
-1.707693 -2.668193
-1.697440 -2.665605
-1.687176 -2.663017
-1.676902 -2.660428
-1.666616 -2.657839
-1.656319 -2.655250
-1.646010 -2.652660
-1.635690 -2.650070
-1.625359 -2.647479
-1.615015 -2.644888
-1.604661 -2.642296
-1.594294 -2.639704
-1.583916 -2.637112
-1.573525 -2.634519
-1.563123 -2.631926
-1.552709 -2.629332
-1.542282 -2.626738
-1.531843 -2.624143
-1.521392 -2.621548
-1.510928 -2.618952
-1.500451 -2.616356
-1.489962 -2.613759
-1.479461 -2.611162
-1.468946 -2.608564
-1.458419 -2.605966
-1.447879 -2.603367
-1.437325 -2.600768
-1.426759 -2.598168
-1.416179 -2.595568
-1.405586 -2.592967
-1.394980 -2.590366
-1.384360 -2.587764
-1.373727 -2.585162
-1.363080 -2.582559
-1.352419 -2.579956
-1.341745 -2.577352
-1.331057 -2.574747
-1.320355 -2.572142
-1.309639 -2.569536
-1.298909 -2.566930
-1.288164 -2.564323
-1.277406 -2.561716
-1.266633 -2.559108
-1.255846 -2.556500
-1.245044 -2.553891
-1.234228 -2.551281
-1.223398 -2.548671
-1.212552 -2.546060
-1.201692 -2.543449
-1.190817 -2.540837
-1.179928 -2.538225
-1.169023 -2.535612
-1.158104 -2.532998
-1.147169 -2.530384
-1.136219 -2.527769
-1.125254 -2.525154
-1.114274 -2.522538
-1.103279 -2.519922
-1.092268 -2.517305
-1.081242 -2.514687
-1.070201 -2.512069
-1.059144 -2.509451
-1.048071 -2.506832
-1.036983 -2.504212
-1.025879 -2.501592
-1.014760 -2.498971
-1.003625 -2.496350
-0.992474 -2.493728
-0.981307 -2.491106
-0.970124 -2.488483
-0.958926 -2.485860
-0.947711 -2.483236
-0.936481 -2.480611
-0.925234 -2.477986
-0.913972 -2.475361
-0.902693 -2.472735
-0.891399 -2.470109
-0.880088 -2.467482
-0.868761 -2.464855
-0.857418 -2.462227
-0.846059 -2.459599
-0.834684 -2.456971
-0.823292 -2.454342
-0.811884 -2.451713
-0.800460 -2.449083
-0.789020 -2.446453
-0.777563 -2.443822
-0.766091 -2.441191
-0.754602 -2.438560
-0.743096 -2.435929
-0.731575 -2.433297
-0.720037 -2.430664
-0.708483 -2.428032
-0.696913 -2.425399
-0.685327 -2.422766
-0.673724 -2.420133
-0.662106 -2.417499
-0.650471 -2.414865
-0.638820 -2.412231
-0.627153 -2.409597
-0.615470 -2.406963
-0.603771 -2.404328
-0.592056 -2.401694
-0.580326 -2.399059
-0.568579 -2.396424
-0.556816 -2.393789
-0.545038 -2.391154
-0.533244 -2.388519
-0.521434 -2.385883
-0.509609 -2.383248
-0.497768 -2.380613
-0.485911 -2.377978
-0.474039 -2.375343
-0.462152 -2.372708
-0.450250 -2.370073
-0.438332 -2.367438
-0.426399 -2.364803
-0.414451 -2.362168
-0.402488 -2.359534
-0.390511 -2.356900
-0.378518 -2.354266
-0.366511 -2.351632
-0.354490 -2.348999
-0.342454 -2.346365
-0.330403 -2.343732
-0.318339 -2.341100
-0.306260 -2.338468
-0.294167 -2.335836
-0.282060 -2.333204
-0.269940 -2.330574
-0.257806 -2.327943
-0.245659 -2.325313
-0.233498 -2.322684
-0.221324 -2.320055
-0.209137 -2.317426
-0.196937 -2.314799
-0.184724 -2.312171
-0.172499 -2.309545
-0.160261 -2.306919
-0.148011 -2.304294
-0.135749 -2.301670
-0.123475 -2.299046
-0.111189 -2.296423
-0.098891 -2.293801
-0.086582 -2.291180
-0.074262 -2.288559
-0.061931 -2.285940
-0.049589 -2.283321
-0.037236 -2.280704
-0.024873 -2.278087
-0.012499 -2.275471
-0.000115 -2.272857
0.012278 -2.270243
0.024681 -2.267631
0.037094 -2.265019
0.049516 -2.262409
0.061947 -2.259800
0.074387 -2.257192
0.086835 -2.254585
0.099292 -2.251980
0.111757 -2.249375
0.124229 -2.246773
0.136710 -2.244171
0.149197 -2.241571
0.161692 -2.238972
0.174194 -2.236374
0.186703 -2.233778
0.199218 -2.231183
0.211739 -2.228590
0.224266 -2.225998
0.236799 -2.223408
0.249337 -2.220819
0.261880 -2.218232
0.274429 -2.215646
0.286981 -2.213062
0.299539 -2.210479
0.312100 -2.207898
0.324665 -2.205319
0.337234 -2.202741
0.349806 -2.200166
0.362381 -2.197591
0.374958 -2.195019
0.387539 -2.192448
0.400121 -2.189879
0.412705 -2.187312
0.425291 -2.184746
0.437878 -2.182182
0.450466 -2.179621
0.463054 -2.177060
0.475644 -2.174502
0.488233 -2.171946
0.500822 -2.169391
0.513411 -2.166839
0.525999 -2.164288
0.538586 -2.161739
0.551172 -2.159192
0.563756 -2.156647
0.576338 -2.154103
0.588918 -2.151562
0.601496 -2.149023
0.614070 -2.146485
0.626642 -2.143950
0.639210 -2.141416
0.651775 -2.138884
0.664336 -2.136355
0.676892 -2.133827
0.689444 -2.131301
0.701991 -2.128777
0.714533 -2.126255
0.727070 -2.123735
0.739601 -2.121217
0.752126 -2.118701
0.764644 -2.116187
0.777156 -2.113674
0.789662 -2.111164
0.802160 -2.108655
0.814651 -2.106149
0.827134 -2.103644
0.839609 -2.101141
0.852075 -2.098641
0.864534 -2.096142
0.876983 -2.093645
0.889424 -2.091149
0.901855 -2.088656
0.914276 -2.086164
0.926688 -2.083675
0.939090 -2.081187
0.951481 -2.078701
0.963861 -2.076216
0.976231 -2.073734
0.988590 -2.071253
1.000937 -2.068774
1.013272 -2.066296
1.025596 -2.063821
1.037907 -2.061347
1.050206 -2.058874
1.062492 -2.056404
1.074766 -2.053935
1.087026 -2.051467
1.099274 -2.049001
1.111507 -2.046537
1.123727 -2.044074
1.135933 -2.041613
1.148125 -2.039153
1.160302 -2.036695
1.172465 -2.034238
1.184613 -2.031783
1.196746 -2.029329
1.208864 -2.026876
1.220967 -2.024425
1.233053 -2.021975
1.245125 -2.019526
1.257180 -2.017079
1.269219 -2.014633
1.281242 -2.012188
1.293248 -2.009744
1.305238 -2.007301
1.317210 -2.004860
1.329166 -2.002420
1.341105 -1.999980
1.353027 -1.997542
1.364931 -1.995105
1.376818 -1.992669
1.388687 -1.990234
1.400538 -1.987800
1.412371 -1.985366
1.424186 -1.982934
1.435983 -1.980502
1.447762 -1.978072
1.459522 -1.975642
1.471263 -1.973213
1.482986 -1.970784
1.494691 -1.968356
1.506376 -1.965929
1.518043 -1.963503
1.529690 -1.961077
1.541318 -1.958652
1.552927 -1.956228
1.564517 -1.953804
1.576088 -1.951380
1.587639 -1.948957
1.599171 -1.946534
1.610683 -1.944112
1.622175 -1.941691
1.633648 -1.939269
1.645101 -1.936848
1.656534 -1.934427
1.667948 -1.932007
1.679342 -1.929587
1.690715 -1.927167
1.702069 -1.924747
1.713403 -1.922328
1.724717 -1.919908
1.736011 -1.917489
1.747285 -1.915070
1.758539 -1.912651
1.769774 -1.910232
1.780988 -1.907813
1.792181 -1.905394
1.803355 -1.902975
1.814509 -1.900556
1.825643 -1.898137
1.836757 -1.895717
1.847851 -1.893298
1.858925 -1.890879
1.869979 -1.888459
1.881013 -1.886039
1.892027 -1.883619
1.903021 -1.881199
1.913995 -1.878779
1.924950 -1.876358
1.935885 -1.873937
1.946800 -1.871516
1.957695 -1.869094
1.968571 -1.866672
1.979427 -1.864250
1.990263 -1.861828
2.001080 -1.859405
2.011878 -1.856981
2.022656 -1.854557
2.033415 -1.852133
2.044155 -1.849708
2.054875 -1.847283
2.065577 -1.844858
2.076259 -1.842431
2.086922 -1.840005
2.097567 -1.837578
2.108192 -1.835150
2.118799 -1.832722
2.129387 -1.830293
2.139957 -1.827863
2.150508 -1.825433
2.161041 -1.823003
2.171555 -1.820571
2.182051 -1.818140
2.192529 -1.815707
2.202989 -1.813274
2.213431 -1.810840
2.223855 -1.808406
2.234262 -1.805971
2.244650 -1.803535
2.255022 -1.801099
2.265375 -1.798662
2.275712 -1.796224
2.286031 -1.793785
2.296333 -1.791346
2.306618 -1.788906
2.316886 -1.786466
2.327137 -1.784024
2.337371 -1.781582
2.347589 -1.779139
2.357791 -1.776696
2.367976 -1.774251
2.378145 -1.771806
2.388297 -1.769361
2.398434 -1.766914
2.408555 -1.764467
2.418660 -1.762019
2.428749 -1.759570
2.438823 -1.757120
2.448881 -1.754670
2.458924 -1.752219
2.468952 -1.749767
2.478965 -1.747314
2.488962 -1.744861
2.498945 -1.742406
2.508914 -1.739951
2.518867 -1.737496
2.528807 -1.735039
2.538732 -1.732582
2.548642 -1.730124
2.558539 -1.727665
2.568421 -1.725206
2.578290 -1.722745
2.588145 -1.720284
2.597987 -1.717822
2.607815 -1.715360
2.617630 -1.712896
2.627431 -1.710432
2.637219 -1.707967
2.646995 -1.705502
2.656757 -1.703036
2.666507 -1.700568
2.676244 -1.698101
2.685969 -1.695632
2.695681 -1.693163
2.705382 -1.690693
2.715070 -1.688222
2.724746 -1.685751
2.734410 -1.683279
2.744063 -1.680806
2.753703 -1.678332
2.763333 -1.675858
2.772951 -1.673383
2.782558 -1.670908
2.792153 -1.668432
2.801738 -1.665955
2.811312 -1.663477
2.820875 -1.660999
2.830427 -1.658520
2.839969 -1.656040
2.849500 -1.653560
2.859021 -1.651079
2.868532 -1.648598
2.878033 -1.646116
2.887524 -1.643633
2.897005 -1.641150
2.906476 -1.638666
2.915938 -1.636181
2.925390 -1.633696
2.934833 -1.631210
2.944267 -1.628724
2.953691 -1.626237
2.963107 -1.623750
2.972513 -1.621262
2.981911 -1.618773
2.991300 -1.616284
3.000681 -1.613794
3.010052 -1.611304
3.019416 -1.608813
3.028771 -1.606322
3.038118 -1.603830
3.047458 -1.601338
3.056789 -1.598845
3.066112 -1.596351
3.075428 -1.593858
3.084735 -1.591363
3.094036 -1.588869
3.103329 -1.586373
3.112614 -1.583878
3.121893 -1.581381
3.131164 -1.578885
3.140428 -1.576388
3.149685 -1.573890
3.158936 -1.571392
3.168179 -1.568894
3.177416 -1.566395
3.186647 -1.563896
3.195871 -1.561396
3.205088 -1.558896
3.214299 -1.556396
3.223505 -1.553895
3.232704 -1.551394
3.241897 -1.548892
3.251084 -1.546390
3.260265 -1.543888
3.269441 -1.541386
3.278611 -1.538883
3.287775 -1.536379
3.296934 -1.533876
3.306087 -1.531372
3.315235 -1.528867
3.324378 -1.526363
3.333516 -1.523858
3.342649 -1.521353
3.351776 -1.518847
3.360899 -1.516341
3.370017 -1.513835
3.379131 -1.511329
3.388239 -1.508822
3.397343 -1.506315
3.406443 -1.503808
3.415538 -1.501301
3.424629 -1.498793
3.433715 -1.496285
3.442797 -1.493777
3.451875 -1.491268
3.460949 -1.488760
3.470020 -1.486251
3.479086 -1.483742
3.488148 -1.481232
3.497206 -1.478723
3.506261 -1.476213
3.515312 -1.473703
3.524360 -1.471193
3.533404 -1.468683
3.542445 -1.466172
3.551482 -1.463661
3.560516 -1.461151
3.569546 -1.458640
3.578574 -1.456128
3.587598 -1.453617
3.596620 -1.451106
3.605638 -1.448594
3.614653 -1.446082
3.623666 -1.443570
3.632675 -1.441058
3.641682 -1.438546
3.650686 -1.436034
3.659688 -1.433521
3.668687 -1.431009
3.677683 -1.428496
3.686677 -1.425983
3.695669 -1.423470
3.704658 -1.420957
3.713645 -1.418444
3.722629 -1.415931
3.731612 -1.413417
3.740592 -1.410904
3.749570 -1.408391
3.758546 -1.405877
3.767520 -1.403363
3.776492 -1.400850
3.785462 -1.398336
3.794430 -1.395822
3.803396 -1.393308
3.812361 -1.390794
3.821324 -1.388280
3.830285 -1.385766
3.839245 -1.383252
3.848203 -1.380738
3.857159 -1.378223
3.866114 -1.375709
3.875068 -1.373195
3.884020 -1.370680
3.892971 -1.368166
3.901920 -1.365652
3.910868 -1.363137
3.919815 -1.360623
3.928761 -1.358108
3.937705 -1.355594
3.946648 -1.353079
3.955591 -1.350565
3.964532 -1.348050
3.973472 -1.345535
3.982411 -1.343021
3.991349 -1.340506
4.000287 -1.337992
4.009223 -1.335477
4.018159 -1.332963
4.027094 -1.330448
4.036028 -1.327933
4.044961 -1.325419
4.053894 -1.322904
4.062826 -1.320390
4.071757 -1.317875
4.080688 -1.315361
4.089618 -1.312846
4.098547 -1.310332
4.107476 -1.307817
4.116405 -1.305303
4.125333 -1.302789
4.134261 -1.300274
4.143188 -1.297760
4.152115 -1.295246
4.161042 -1.292731
4.169968 -1.290217
4.178894 -1.287703
4.187820 -1.285189
4.196745 -1.282675
4.205670 -1.280161
4.214596 -1.277647
4.223521 -1.275133
4.232446 -1.272619
4.241370 -1.270105
4.250295 -1.267591
4.259220 -1.265077
4.268144 -1.262563
4.277069 -1.260050
4.285994 -1.257536
4.294918 -1.255022
4.303843 -1.252509
4.312768 -1.249995
4.321693 -1.247482
4.330618 -1.244968
4.339543 -1.242455
4.348468 -1.239942
4.357394 -1.237429
4.366320 -1.234916
4.375246 -1.232402
4.384172 -1.229889
4.393099 -1.227376
4.402026 -1.224864
4.410953 -1.222351
4.419880 -1.219838
4.428808 -1.217325
4.437736 -1.214813
4.446665 -1.212300
4.455594 -1.209788
4.464523 -1.207275
4.473453 -1.204763
4.482383 -1.202251
4.491314 -1.199738
4.500245 -1.197226
4.509177 -1.194714
4.518109 -1.192202
4.527042 -1.189690
4.535976 -1.187178
4.544909 -1.184667
4.553844 -1.182155
4.562779 -1.179643
4.571715 -1.177132
4.580651 -1.174620
4.589588 -1.172109
4.598525 -1.169597
4.607464 -1.167086
4.616402 -1.164575
4.625342 -1.162064
4.634282 -1.159553
4.643223 -1.157042
4.652165 -1.154531
4.661107 -1.152020
4.670050 -1.149509
4.678994 -1.146999
4.687939 -1.144488
4.696884 -1.141978
4.705831 -1.139467
4.714778 -1.136957
4.723725 -1.134447
4.732674 -1.131936
4.741624 -1.129426
4.750574 -1.126916
4.759525 -1.124406
4.768477 -1.121897
4.777430 -1.119387
4.786384 -1.116877
4.795338 -1.114367
4.804294 -1.111858
4.813250 -1.109348
4.822208 -1.106839
4.831166 -1.104330
4.840125 -1.101820
4.849086 -1.099311
4.858047 -1.096802
4.867009 -1.094293
4.875972 -1.091784
4.884936 -1.089275
4.893901 -1.086766
4.902867 -1.084258
4.911834 -1.081749
4.920802 -1.079241
4.929771 -1.076732
4.938740 -1.074224
4.947711 -1.071715
4.956683 -1.069207
4.965656 -1.066699
4.974631 -1.064191
4.983606 -1.061683
4.992582 -1.059175
