-4.997716 -4.452463
-4.988287 -4.449844
-4.978857 -4.447225
-4.969427 -4.444606
-4.959997 -4.441987
-4.950567 -4.439368
-4.941136 -4.436749
-4.931706 -4.434131
-4.922275 -4.431512
-4.912844 -4.428894
-4.903413 -4.426276
-4.893981 -4.423657
-4.884549 -4.421039
-4.875117 -4.418421
-4.865685 -4.415803
-4.856253 -4.413185
-4.846820 -4.410567
-4.837387 -4.407950
-4.827954 -4.405332
-4.818521 -4.402714
-4.809087 -4.400097
-4.799653 -4.397480
-4.790219 -4.394862
-4.780784 -4.392245
-4.771350 -4.389628
-4.761915 -4.387011
-4.752479 -4.384394
-4.743044 -4.381778
-4.733608 -4.379161
-4.724172 -4.376544
-4.714735 -4.373928
-4.705298 -4.371312
-4.695861 -4.368695
-4.686424 -4.366079
-4.676986 -4.363463
-4.667548 -4.360847
-4.658109 -4.358231
-4.648670 -4.355615
-4.639231 -4.353000
-4.629792 -4.350384
-4.620352 -4.347769
-4.610912 -4.345153
-4.601471 -4.342538
-4.592030 -4.339923
-4.582588 -4.337308
-4.573147 -4.334693
-4.563704 -4.332078
-4.554262 -4.329463
-4.544819 -4.326848
-4.535375 -4.324234
-4.525931 -4.321619
-4.516487 -4.319005
-4.507042 -4.316391
-4.497597 -4.313776
-4.488152 -4.311162
-4.478706 -4.308548
-4.469259 -4.305934
-4.459812 -4.303321
-4.450365 -4.300707
-4.440917 -4.298093
-4.431468 -4.295480
-4.422019 -4.292867
-4.412570 -4.290253
-4.403120 -4.287640
-4.393670 -4.285027
-4.384219 -4.282414
-4.374767 -4.279802
-4.365315 -4.277189
-4.355862 -4.274576
-4.346409 -4.271964
-4.336956 -4.269351
-4.327501 -4.266739
-4.318047 -4.264127
-4.308591 -4.261515
-4.299135 -4.258903
-4.289679 -4.256291
-4.280221 -4.253679
-4.270764 -4.251068
-4.261305 -4.248456
-4.251846 -4.245845
-4.242387 -4.243233
-4.232926 -4.240622
-4.223465 -4.238011
-4.214004 -4.235400
-4.204542 -4.232789
-4.195079 -4.230179
-4.185615 -4.227568
-4.176151 -4.224957
-4.166686 -4.222347
-4.157220 -4.219737
-4.147753 -4.217126
-4.138286 -4.214516
-4.128818 -4.211906
-4.119350 -4.209296
-4.109880 -4.206687
-4.100410 -4.204077
-4.090939 -4.201467
-4.081468 -4.198858
-4.071995 -4.196249
-4.062522 -4.193640
-4.053048 -4.191030
-4.043573 -4.188421
-4.034097 -4.185813
-4.024621 -4.183204
-4.015143 -4.180595
-4.005665 -4.177987
-3.996186 -4.175378
-3.986706 -4.172770
-3.977225 -4.170162
-3.967744 -4.167554
-3.958261 -4.164946
-3.948777 -4.162338
-3.939293 -4.159730
-3.929808 -4.157122
-3.920321 -4.154515
-3.910834 -4.151908
-3.901346 -4.149300
-3.891857 -4.146693
-3.882366 -4.144086
-3.872875 -4.141479
-3.863383 -4.138872
-3.853890 -4.136266
-3.844395 -4.133659
-3.834900 -4.131052
-3.825404 -4.128446
-3.815907 -4.125840
-3.806408 -4.123234
-3.796909 -4.120628
-3.787408 -4.118022
-3.777906 -4.115416
-3.768403 -4.112810
-3.758899 -4.110205
-3.749394 -4.107599
-3.739888 -4.104994
-3.730381 -4.102389
-3.720872 -4.099784
-3.711362 -4.097179
-3.701851 -4.094574
-3.692339 -4.091969
-3.682825 -4.089364
-3.673311 -4.086760
-3.663795 -4.084155
-3.654278 -4.081551
-3.644759 -4.078947
-3.635239 -4.076342
-3.625718 -4.073739
-3.616196 -4.071135
-3.606672 -4.068531
-3.597147 -4.065927
-3.587621 -4.063324
-3.578093 -4.060720
-3.568564 -4.058117
-3.559033 -4.055514
-3.549501 -4.052911
-3.539968 -4.050308
-3.530433 -4.047705
-3.520897 -4.045102
-3.511359 -4.042499
-3.501820 -4.039897
-3.492279 -4.037294
-3.482737 -4.034692
-3.473193 -4.032090
-3.463648 -4.029488
-3.454101 -4.026886
-3.444553 -4.024284
-3.435003 -4.021682
-3.425451 -4.019080
-3.415898 -4.016479
-3.406343 -4.013877
-3.396787 -4.011276
-3.387229 -4.008675
-3.377669 -4.006074
-3.368108 -4.003473
-3.358544 -4.000872
-3.348980 -3.998271
-3.339413 -3.995670
-3.329845 -3.993070
-3.320274 -3.990469
-3.310702 -3.987869
-3.301129 -3.985268
-3.291553 -3.982668
-3.281976 -3.980068
-3.272397 -3.977468
-3.262815 -3.974868
-3.253232 -3.972269
-3.243647 -3.969669
-3.234061 -3.967069
-3.224472 -3.964470
-3.214881 -3.961871
-3.205288 -3.959271
-3.195694 -3.956672
-3.186097 -3.954073
-3.176498 -3.951474
-3.166898 -3.948875
-3.157295 -3.946276
-3.147690 -3.943678
-3.138083 -3.941079
-3.128474 -3.938481
-3.118862 -3.935882
-3.109249 -3.933284
-3.099633 -3.930686
-3.090016 -3.928088
-3.080396 -3.925490
-3.070773 -3.922892
-3.061149 -3.920294
-3.051522 -3.917696
-3.041893 -3.915099
-3.032262 -3.912501
-3.022628 -3.909904
-3.012992 -3.907306
-3.003354 -3.904709
-2.993713 -3.902112
-2.984070 -3.899515
-2.974424 -3.896918
-2.964776 -3.894321
-2.955125 -3.891724
-2.945472 -3.889127
-2.935817 -3.886530
-2.926159 -3.883934
-2.916498 -3.881337
-2.906835 -3.878741
-2.897169 -3.876144
-2.887500 -3.873548
-2.877829 -3.870952
-2.868156 -3.868356
-2.858479 -3.865760
-2.848800 -3.863164
-2.839118 -3.860568
-2.829434 -3.857972
-2.819746 -3.855376
-2.810056 -3.852781
-2.800363 -3.850185
-2.790667 -3.847589
-2.780969 -3.844994
-2.771267 -3.842399
-2.761563 -3.839803
-2.751855 -3.837208
-2.742145 -3.834613
-2.732431 -3.832018
-2.722715 -3.829422
-2.712996 -3.826827
-2.703273 -3.824233
-2.693548 -3.821638
-2.683819 -3.819043
-2.674087 -3.816448
-2.664353 -3.813853
-2.654615 -3.811259
-2.644873 -3.808664
-2.635129 -3.806069
-2.625381 -3.803475
-2.615630 -3.800881
-2.605876 -3.798286
-2.596119 -3.795692
-2.586358 -3.793097
-2.576593 -3.790503
-2.566826 -3.787909
-2.557055 -3.785315
-2.547280 -3.782721
-2.537502 -3.780127
-2.527721 -3.777533
-2.517936 -3.774939
-2.508147 -3.772345
-2.498355 -3.769751
-2.488559 -3.767157
-2.478760 -3.764563
-2.468957 -3.761969
-2.459150 -3.759375
-2.449340 -3.756782
-2.439526 -3.754188
-2.429708 -3.751594
-2.419886 -3.749001
-2.410061 -3.746407
-2.400232 -3.743813
-2.390398 -3.741220
-2.380561 -3.738626
-2.370720 -3.736033
-2.360875 -3.733439
-2.351027 -3.730846
-2.341174 -3.728252
-2.331317 -3.725659
-2.321456 -3.723065
-2.311591 -3.720472
-2.301722 -3.717879
-2.291848 -3.715285
-2.281971 -3.712692
-2.272089 -3.710098
-2.262203 -3.707505
-2.252313 -3.704912
-2.242419 -3.702318
-2.232520 -3.699725
-2.222617 -3.697132
-2.212709 -3.694538
-2.202797 -3.691945
-2.192881 -3.689352
-2.182960 -3.686758
-2.173035 -3.684165
-2.163105 -3.681571
-2.153171 -3.678978
-2.143232 -3.676385
-2.133289 -3.673791
-2.123341 -3.671198
-2.113388 -3.668604
-2.103431 -3.666011
-2.093469 -3.663417
-2.083502 -3.660824
-2.073530 -3.658230
-2.063554 -3.655637
-2.053573 -3.653043
-2.043587 -3.650450
-2.033596 -3.647856
-2.023600 -3.645263
-2.013599 -3.642669
-2.003593 -3.640075
-1.993582 -3.637481
-1.983566 -3.634888
-1.973545 -3.632294
-1.963519 -3.629700
-1.953488 -3.627106
-1.943452 -3.624512
-1.933411 -3.621918
-1.923364 -3.619324
-1.913312 -3.616730
-1.903255 -3.614136
-1.893192 -3.611542
-1.883124 -3.608948
-1.873051 -3.606354
-1.862973 -3.603760
-1.852889 -3.601165
-1.842799 -3.598571
-1.832704 -3.595977
-1.822604 -3.593382
-1.812498 -3.590788
-1.802387 -3.588193
-1.792270 -3.585598
-1.782147 -3.583004
-1.772019 -3.580409
-1.761885 -3.577814
-1.751745 -3.575219
-1.741600 -3.572624
-1.731448 -3.570029
-1.721291 -3.567434
-1.711129 -3.564839
-1.700960 -3.562244
-1.690785 -3.559649
-1.680605 -3.557053
-1.670419 -3.554458
-1.660226 -3.551862
-1.650028 -3.549267
-1.639824 -3.546671
-1.629614 -3.544076
-1.619397 -3.541480
-1.609175 -3.538884
-1.598946 -3.536288
-1.588712 -3.533692
-1.578471 -3.531096
-1.568224 -3.528500
-1.557970 -3.525903
-1.547711 -3.523307
-1.537445 -3.520711
-1.527173 -3.518114
-1.516894 -3.515518
-1.506610 -3.512921
-1.496318 -3.510324
-1.486021 -3.507727
-1.475717 -3.505130
-1.465407 -3.502533
-1.455090 -3.499936
-1.444766 -3.497339
-1.434436 -3.494742
-1.424100 -3.492144
-1.413757 -3.489547
-1.403407 -3.486949
-1.393051 -3.484352
-1.382688 -3.481754
-1.372319 -3.479156
-1.361943 -3.476558
-1.351560 -3.473960
-1.341170 -3.471362
-1.330774 -3.468764
-1.320371 -3.466166
-1.309961 -3.463568
-1.299544 -3.460969
-1.289121 -3.458371
-1.278691 -3.455772
-1.268253 -3.453173
-1.257809 -3.450574
-1.247359 -3.447976
-1.236901 -3.445377
-1.226436 -3.442777
-1.215964 -3.440178
-1.205486 -3.437579
-1.195000 -3.434980
-1.184507 -3.432380
-1.174008 -3.429781
-1.163501 -3.427181
-1.152988 -3.424582
-1.142467 -3.421982
-1.131939 -3.419382
-1.121404 -3.416782
-1.110862 -3.414182
-1.100313 -3.411582
-1.089757 -3.408982
-1.079194 -3.406382
-1.068624 -3.403781
-1.058046 -3.401181
-1.047462 -3.398581
-1.036870 -3.395980
-1.026271 -3.393380
-1.015665 -3.390779
-1.005051 -3.388178
-0.994431 -3.385577
-0.983803 -3.382977
-0.973168 -3.380376
-0.962526 -3.377775
-0.951877 -3.375174
-0.941220 -3.372573
-0.930556 -3.369971
-0.919885 -3.367370
-0.909207 -3.364769
-0.898522 -3.362168
-0.887829 -3.359567
-0.877129 -3.356965
-0.866422 -3.354364
-0.855708 -3.351762
-0.844986 -3.349161
-0.834258 -3.346559
-0.823522 -3.343958
-0.812778 -3.341356
-0.802028 -3.338755
-0.791270 -3.336153
-0.780506 -3.333552
-0.769734 -3.330950
-0.758954 -3.328348
-0.748168 -3.325747
-0.737375 -3.323145
-0.726574 -3.320543
-0.715766 -3.317942
-0.704951 -3.315340
-0.694129 -3.312738
-0.683300 -3.310137
-0.672464 -3.307535
-0.661620 -3.304934
-0.650770 -3.302332
-0.639912 -3.299730
-0.629048 -3.297129
-0.618176 -3.294527
-0.607298 -3.291926
-0.596412 -3.289325
-0.585520 -3.286723
-0.574620 -3.284122
-0.563714 -3.281521
-0.552801 -3.278920
-0.541881 -3.276319
-0.530954 -3.273718
-0.520020 -3.271117
-0.509079 -3.268516
-0.498132 -3.265915
-0.487178 -3.263314
-0.476217 -3.260714
-0.465249 -3.258113
-0.454275 -3.255513
-0.443294 -3.252912
-0.432307 -3.250312
-0.421313 -3.247712
-0.410312 -3.245112
-0.399305 -3.242512
-0.388292 -3.239913
-0.377272 -3.237313
-0.366245 -3.234714
-0.355213 -3.232114
-0.344174 -3.229515
-0.333128 -3.226916
-0.322077 -3.224318
-0.311019 -3.221719
-0.299955 -3.219121
-0.288885 -3.216522
-0.277809 -3.213924
-0.266727 -3.211326
-0.255639 -3.208729
-0.244545 -3.206131
-0.233445 -3.203534
-0.222339 -3.200937
-0.211228 -3.198340
-0.200110 -3.195744
-0.188987 -3.193147
-0.177859 -3.190551
-0.166725 -3.187955
-0.155585 -3.185360
-0.144440 -3.182764
-0.133289 -3.180169
-0.122134 -3.177575
-0.110972 -3.174980
-0.099806 -3.172386
-0.088634 -3.169792
-0.077458 -3.167198
-0.066276 -3.164605
-0.055089 -3.162012
-0.043897 -3.159419
-0.032701 -3.156827
-0.021499 -3.154235
-0.010293 -3.151643
0.000917 -3.149051
0.012133 -3.146460
0.023353 -3.143870
0.034577 -3.141279
0.045806 -3.138689
0.057039 -3.136100
0.068276 -3.133510
0.079518 -3.130921
0.090764 -3.128333
0.102013 -3.125745
0.113267 -3.123157
0.124525 -3.120570
0.135786 -3.117983
0.147051 -3.115397
0.158320 -3.112811
0.169592 -3.110225
0.180868 -3.107640
0.192147 -3.105055
0.203430 -3.102471
0.214716 -3.099887
0.226005 -3.097304
0.237297 -3.094721
0.248592 -3.092138
0.259890 -3.089556
0.271191 -3.086975
0.282494 -3.084394
0.293801 -3.081814
0.305110 -3.079234
0.316421 -3.076654
0.327735 -3.074075
0.339051 -3.071497
0.350369 -3.068919
0.361689 -3.066341
0.373012 -3.063764
0.384336 -3.061188
0.395663 -3.058612
0.406991 -3.056037
0.418320 -3.053462
0.429652 -3.050888
0.440985 -3.048314
0.452319 -3.045741
0.463654 -3.043169
0.474991 -3.040597
0.486329 -3.038025
0.497668 -3.035454
0.509008 -3.032884
0.520348 -3.030315
0.531690 -3.027746
0.543032 -3.025177
0.554374 -3.022609
0.565717 -3.020042
0.577061 -3.017475
0.588404 -3.014909
0.599748 -3.012344
0.611092 -3.009779
0.622435 -3.007215
0.633779 -3.004651
0.645122 -3.002088
0.656465 -2.999526
0.667808 -2.996964
0.679150 -2.994403
0.690491 -2.991842
0.701832 -2.989282
0.713171 -2.986723
0.724510 -2.984164
0.735848 -2.981606
0.747185 -2.979049
0.758520 -2.976492
0.769854 -2.973936
0.781187 -2.971381
0.792518 -2.968826
0.803847 -2.966272
0.815175 -2.963718
0.826501 -2.961165
0.837825 -2.958613
0.849146 -2.956062
0.860466 -2.953511
0.871784 -2.950960
0.883099 -2.948411
0.894412 -2.945862
0.905722 -2.943313
0.917029 -2.940766
0.928334 -2.938219
0.939636 -2.935672
0.950935 -2.933126
0.962231 -2.930581
0.973524 -2.928037
0.984814 -2.925493
0.996101 -2.922950
1.007384 -2.920407
1.018663 -2.917865
1.029939 -2.915324
1.041212 -2.912783
1.052480 -2.910243
1.063745 -2.907704
1.075006 -2.905165
1.086262 -2.902627
1.097515 -2.900089
1.108763 -2.897552
1.120007 -2.895016
1.131247 -2.892480
1.142482 -2.889945
1.153712 -2.887410
1.164938 -2.884876
1.176159 -2.882343
1.187376 -2.879810
1.198587 -2.877278
1.209793 -2.874747
1.220994 -2.872216
1.232190 -2.869686
1.243381 -2.867156
1.254566 -2.864627
1.265746 -2.862098
1.276920 -2.859570
1.288089 -2.857042
1.299252 -2.854516
1.310410 -2.851989
1.321561 -2.849463
1.332707 -2.846938
1.343846 -2.844413
1.354980 -2.841889
1.366107 -2.839365
1.377229 -2.836842
1.388344 -2.834320
1.399452 -2.831798
1.410554 -2.829276
1.421650 -2.826755
1.432739 -2.824234
1.443822 -2.821714
1.454898 -2.819195
1.465967 -2.816676
1.477029 -2.814157
1.488084 -2.811639
1.499132 -2.809121
1.510174 -2.806604
1.521208 -2.804087
1.532235 -2.801571
1.543255 -2.799055
1.554268 -2.796540
1.565273 -2.794025
1.576271 -2.791510
1.587262 -2.788996
1.598245 -2.786482
1.609220 -2.783969
1.620188 -2.781456
1.631149 -2.778943
1.642101 -2.776431
1.653046 -2.773920
1.663983 -2.771408
1.674913 -2.768897
1.685834 -2.766387
1.696747 -2.763876
1.707653 -2.761366
1.718550 -2.758857
1.729440 -2.756348
1.740321 -2.753839
1.751194 -2.751330
1.762059 -2.748822
1.772916 -2.746314
1.783765 -2.743806
1.794605 -2.741299
1.805437 -2.738792
1.816261 -2.736285
1.827076 -2.733779
1.837883 -2.731273
1.848681 -2.728767
1.859471 -2.726261
1.870253 -2.723756
1.881025 -2.721250
1.891790 -2.718746
1.902546 -2.716241
1.913293 -2.713736
1.924031 -2.711232
1.934761 -2.708728
1.945482 -2.706224
1.956195 -2.703721
1.966898 -2.701217
1.977594 -2.698714
1.988280 -2.696211
1.998957 -2.693708
2.009626 -2.691206
2.020286 -2.688703
2.030937 -2.686201
2.041580 -2.683699
2.052213 -2.681197
2.062838 -2.678695
2.073453 -2.676193
2.084060 -2.673692
2.094659 -2.671190
2.105248 -2.668689
2.115828 -2.666188
2.126400 -2.663686
2.136962 -2.661185
2.147516 -2.658684
2.158061 -2.656184
2.168596 -2.653683
2.179123 -2.651182
2.189642 -2.648682
2.200151 -2.646181
2.210651 -2.643681
2.221143 -2.641180
2.231625 -2.638680
2.242099 -2.636180
2.252564 -2.633680
2.263020 -2.631179
2.273467 -2.628679
2.283905 -2.626179
2.294334 -2.623679
2.304755 -2.621179
2.315167 -2.618679
2.325570 -2.616179
2.335964 -2.613679
2.346349 -2.611179
2.356726 -2.608679
2.367094 -2.606179
2.377453 -2.603679
2.387803 -2.601179
2.398145 -2.598679
2.408478 -2.596179
2.418802 -2.593679
2.429118 -2.591179
2.439425 -2.588679
2.449723 -2.586178
2.460013 -2.583678
2.470294 -2.581178
2.480567 -2.578678
2.490831 -2.576177
2.501087 -2.573677
2.511334 -2.571176
2.521573 -2.568676
2.531803 -2.566175
2.542025 -2.563675
2.552238 -2.561174
2.562443 -2.558673
2.572640 -2.556172
2.582829 -2.553671
2.593009 -2.551170
2.603181 -2.548669
2.613344 -2.546168
2.623500 -2.543667
2.633647 -2.541166
2.643787 -2.538664
2.653918 -2.536163
2.664041 -2.533661
2.674156 -2.531159
2.684263 -2.528658
2.694362 -2.526156
2.704453 -2.523654
2.714536 -2.521151
2.724612 -2.518649
2.734679 -2.516147
2.744739 -2.513644
2.754791 -2.511142
2.764835 -2.508639
2.774872 -2.506136
2.784900 -2.503633
2.794922 -2.501130
2.804935 -2.498627
2.814941 -2.496124
2.824940 -2.493621
2.834931 -2.491117
2.844915 -2.488613
2.854891 -2.486110
2.864860 -2.483606
2.874821 -2.481102
2.884775 -2.478597
2.894722 -2.476093
2.904662 -2.473589
2.914595 -2.471084
2.924520 -2.468579
2.934439 -2.466075
2.944350 -2.463570
2.954254 -2.461065
2.964151 -2.458559
2.974042 -2.456054
2.983925 -2.453549
2.993802 -2.451043
3.003672 -2.448537
3.013535 -2.446031
3.023391 -2.443525
3.033241 -2.441019
3.043084 -2.438513
3.052920 -2.436006
3.062750 -2.433500
3.072573 -2.430993
3.082390 -2.428486
3.092200 -2.425979
3.102004 -2.423472
3.111802 -2.420964
3.121593 -2.418457
3.131378 -2.415949
3.141157 -2.413442
3.150929 -2.410934
3.160696 -2.408426
3.170456 -2.405918
3.180210 -2.403410
3.189959 -2.400901
3.199701 -2.398393
3.209437 -2.395884
3.219168 -2.393375
3.228892 -2.390866
3.238611 -2.388357
3.248324 -2.385848
3.258032 -2.383339
3.267733 -2.380829
3.277429 -2.378320
3.287120 -2.375810
3.296804 -2.373300
3.306484 -2.370790
3.316158 -2.368280
3.325826 -2.365770
3.335489 -2.363260
3.345147 -2.360749
3.354799 -2.358239
3.364446 -2.355728
3.374088 -2.353217
3.383725 -2.350706
3.393357 -2.348195
3.402983 -2.345684
3.412605 -2.343173
3.422221 -2.340661
3.431833 -2.338150
3.441439 -2.335638
3.451041 -2.333126
3.460638 -2.330614
3.470230 -2.328102
3.479817 -2.325590
3.489400 -2.323078
3.498978 -2.320566
3.508551 -2.318053
3.518119 -2.315541
3.527684 -2.313028
3.537243 -2.310515
3.546798 -2.308002
3.556349 -2.305489
3.565895 -2.302976
3.575437 -2.300463
3.584974 -2.297950
3.594508 -2.295437
3.604037 -2.292923
3.613562 -2.290410
3.623082 -2.287896
3.632599 -2.285382
3.642111 -2.282868
3.651619 -2.280355
3.661124 -2.277841
3.670624 -2.275326
3.680121 -2.272812
3.689613 -2.270298
3.699102 -2.267784
3.708587 -2.265269
3.718068 -2.262755
3.727545 -2.260240
3.737019 -2.257726
3.746489 -2.255211
3.755955 -2.252696
3.765418 -2.250181
3.774877 -2.247666
3.784332 -2.245151
3.793785 -2.242636
3.803233 -2.240121
3.812678 -2.237606
3.822120 -2.235090
3.831559 -2.232575
3.840994 -2.230059
3.850426 -2.227544
3.859854 -2.225028
3.869280 -2.222513
3.878702 -2.219997
3.888121 -2.217481
3.897537 -2.214965
3.906950 -2.212450
3.916360 -2.209934
3.925766 -2.207418
3.935170 -2.204902
3.944571 -2.202386
3.953969 -2.199869
3.963364 -2.197353
3.972756 -2.194837
3.982146 -2.192321
3.991532 -2.189804
4.000916 -2.187288
4.010297 -2.184772
4.019675 -2.182255
4.029051 -2.179739
4.038424 -2.177222
4.047795 -2.174706
4.057163 -2.172189
4.066528 -2.169672
4.075891 -2.167156
4.085251 -2.164639
4.094609 -2.162122
4.103965 -2.159605
4.113318 -2.157089
4.122669 -2.154572
4.132017 -2.152055
4.141363 -2.149538
4.150707 -2.147021
4.160049 -2.144504
4.169388 -2.141987
4.178725 -2.139470
4.188060 -2.136953
4.197393 -2.134436
4.206724 -2.131919
4.216052 -2.129402
4.225379 -2.126885
4.234703 -2.124368
4.244026 -2.121851
4.253346 -2.119334
4.262665 -2.116816
4.271982 -2.114299
4.281296 -2.111782
4.290609 -2.109265
4.299920 -2.106748
4.309229 -2.104230
4.318537 -2.101713
4.327842 -2.099196
4.337146 -2.096679
4.346448 -2.094161
4.355749 -2.091644
4.365047 -2.089127
4.374345 -2.086610
4.383640 -2.084092
4.392934 -2.081575
4.402226 -2.079058
4.411517 -2.076541
4.420806 -2.074023
4.430093 -2.071506
4.439380 -2.068989
4.448664 -2.066472
4.457947 -2.063954
4.467229 -2.061437
4.476509 -2.058920
4.485788 -2.056402
4.495066 -2.053885
4.504342 -2.051368
4.513617 -2.048851
4.522891 -2.046334
4.532163 -2.043816
4.541434 -2.041299
4.550704 -2.038782
4.559972 -2.036265
4.569240 -2.033748
4.578506 -2.031230
4.587771 -2.028713
4.597035 -2.026196
4.606297 -2.023679
4.615559 -2.021162
4.624820 -2.018645
4.634079 -2.016128
4.643338 -2.013611
4.652595 -2.011094
4.661851 -2.008577
4.671107 -2.006060
4.680361 -2.003543
4.689615 -2.001026
4.698867 -1.998509
4.708119 -1.995992
4.717370 -1.993475
4.726619 -1.990958
4.735868 -1.988441
4.745116 -1.985924
4.754364 -1.983407
4.763610 -1.980891
4.772856 -1.978374
4.782100 -1.975857
4.791344 -1.973340
4.800588 -1.970824
4.809830 -1.968307
4.819072 -1.965790
4.828313 -1.963274
4.837554 -1.960757
4.846793 -1.958240
4.856032 -1.955724
4.865271 -1.953207
4.874508 -1.950691
4.883746 -1.948174
4.892982 -1.945658
4.902218 -1.943141
4.911453 -1.940625
4.920688 -1.938109
4.929923 -1.935592
4.939156 -1.933076
4.948389 -1.930560
4.957622 -1.928043
4.966854 -1.925527
4.976086 -1.923011
4.985317 -1.920495
4.994548 -1.917979
