-4.991691 1.655223
-4.982574 1.657895
-4.973456 1.660568
-4.964339 1.663241
-4.955221 1.665915
-4.946104 1.668590
-4.936986 1.671265
-4.927869 1.673940
-4.918751 1.676617
-4.909633 1.679293
-4.900515 1.681971
-4.891397 1.684649
-4.882279 1.687328
-4.873161 1.690007
-4.864042 1.692687
-4.854923 1.695368
-4.845804 1.698049
-4.836685 1.700731
-4.827566 1.703413
-4.818446 1.706097
-4.809326 1.708781
-4.800206 1.711465
-4.791086 1.714150
-4.781965 1.716836
-4.772844 1.719523
-4.763722 1.722210
-4.754601 1.724898
-4.745478 1.727587
-4.736356 1.730276
-4.727233 1.732966
-4.718109 1.735657
-4.708985 1.738348
-4.699861 1.741040
-4.690736 1.743733
-4.681610 1.746427
-4.672484 1.749121
-4.663358 1.751816
-4.654230 1.754512
-4.645103 1.757209
-4.635974 1.759906
-4.626845 1.762604
-4.617715 1.765303
-4.608585 1.768002
-4.599454 1.770703
-4.590322 1.773404
-4.581189 1.776106
-4.572056 1.778809
-4.562922 1.781512
-4.553786 1.784216
-4.544651 1.786922
-4.535514 1.789627
-4.526376 1.792334
-4.517238 1.795042
-4.508098 1.797750
-4.498957 1.800459
-4.489816 1.803169
-4.480673 1.805880
-4.471530 1.808592
-4.462385 1.811305
-4.453239 1.814018
-4.444092 1.816732
-4.434944 1.819448
-4.425795 1.822164
-4.416645 1.824881
-4.407493 1.827599
-4.398340 1.830317
-4.389186 1.833037
-4.380030 1.835757
-4.370873 1.838479
-4.361715 1.841201
-4.352555 1.843925
-4.343394 1.846649
-4.334232 1.849374
-4.325067 1.852100
-4.315902 1.854827
-4.306735 1.857555
-4.297566 1.860284
-4.288395 1.863014
-4.279223 1.865745
-4.270049 1.868477
-4.260874 1.871209
-4.251696 1.873943
-4.242517 1.876678
-4.233336 1.879414
-4.224154 1.882151
-4.214969 1.884888
-4.205782 1.887627
-4.196594 1.890367
-4.187403 1.893108
-4.178210 1.895850
-4.169016 1.898593
-4.159819 1.901337
-4.150620 1.904082
-4.141418 1.906828
-4.132215 1.909575
-4.123009 1.912324
-4.113801 1.915073
-4.104591 1.917824
-4.095378 1.920575
-4.086163 1.923328
-4.076945 1.926081
-4.067725 1.928836
-4.058502 1.931592
-4.049277 1.934349
-4.040049 1.937107
-4.030818 1.939867
-4.021585 1.942627
-4.012349 1.945389
-4.003110 1.948152
-3.993868 1.950916
-3.984624 1.953681
-3.975376 1.956447
-3.966125 1.959214
-3.956872 1.961983
-3.947615 1.964753
-3.938355 1.967524
-3.929092 1.970296
-3.919826 1.973069
-3.910556 1.975844
-3.901283 1.978620
-3.892007 1.981397
-3.882728 1.984175
-3.873445 1.986955
-3.864158 1.989735
-3.854868 1.992517
-3.845574 1.995301
-3.836277 1.998085
-3.826975 2.000871
-3.817670 2.003658
-3.808362 2.006446
-3.799049 2.009236
-3.789732 2.012027
-3.780412 2.014819
-3.771087 2.017613
-3.761758 2.020407
-3.752426 2.023204
-3.743088 2.026001
-3.733747 2.028800
-3.724401 2.031600
-3.715051 2.034401
-3.705697 2.037204
-3.696338 2.040008
-3.686974 2.042813
-3.677606 2.045620
-3.668233 2.048428
-3.658856 2.051238
-3.649473 2.054049
-3.640086 2.056861
-3.630694 2.059674
-3.621297 2.062489
-3.611895 2.065306
-3.602487 2.068123
-3.593075 2.070942
-3.583657 2.073763
-3.574234 2.076585
-3.564806 2.079408
-3.555372 2.082233
-3.545933 2.085059
-3.536488 2.087887
-3.527038 2.090715
-3.517582 2.093546
-3.508120 2.096378
-3.498652 2.099211
-3.489179 2.102045
-3.479699 2.104882
-3.470214 2.107719
-3.460722 2.110558
-3.451224 2.113398
-3.441720 2.116240
-3.432210 2.119084
-3.422693 2.121928
-3.413170 2.124774
-3.403641 2.127622
-3.394104 2.130471
-3.384561 2.133322
-3.375012 2.136174
-3.365455 2.139027
-3.355892 2.141882
-3.346321 2.144738
-3.336744 2.147596
-3.327160 2.150456
-3.317568 2.153316
-3.307969 2.156179
-3.298363 2.159042
-3.288749 2.161907
-3.279128 2.164774
-3.269500 2.167642
-3.259863 2.170512
-3.250219 2.173383
-3.240567 2.176255
-3.230908 2.179129
-3.221240 2.182004
-3.211564 2.184881
-3.201881 2.187759
-3.192189 2.190639
-3.182488 2.193520
-3.172780 2.196403
-3.163063 2.199287
-3.153337 2.202172
-3.143603 2.205059
-3.133860 2.207948
-3.124109 2.210837
-3.114349 2.213729
-3.104579 2.216621
-3.094801 2.219515
-3.085014 2.222411
-3.075217 2.225308
-3.065412 2.228206
-3.055597 2.231105
-3.045772 2.234007
-3.035939 2.236909
-3.026095 2.239813
-3.016242 2.242718
-3.006379 2.245624
-2.996507 2.248532
-2.986624 2.251442
-2.976732 2.254352
-2.966829 2.257264
-2.956917 2.260177
-2.946994 2.263092
-2.937061 2.266007
-2.927117 2.268925
-2.917163 2.271843
-2.907198 2.274763
-2.897223 2.277684
-2.887237 2.280606
-2.877241 2.283529
-2.867233 2.286454
-2.857215 2.289380
-2.847185 2.292307
-2.837144 2.295235
-2.827092 2.298164
-2.817029 2.301095
-2.806955 2.304027
-2.796869 2.306959
-2.786771 2.309893
-2.776662 2.312828
-2.766541 2.315765
-2.756409 2.318702
-2.746265 2.321640
-2.736108 2.324579
-2.725940 2.327520
-2.715760 2.330461
-2.705567 2.333403
-2.695362 2.336347
-2.685145 2.339291
-2.674916 2.342236
-2.664674 2.345182
-2.654420 2.348129
-2.644153 2.351077
-2.633873 2.354025
-2.623581 2.356975
-2.613276 2.359925
-2.602958 2.362876
-2.592627 2.365828
-2.582282 2.368780
-2.571925 2.371734
-2.561555 2.374688
-2.551171 2.377642
-2.540775 2.380597
-2.530364 2.383553
-2.519941 2.386510
-2.509504 2.389467
-2.499053 2.392424
-2.488589 2.395382
-2.478111 2.398341
-2.467619 2.401300
-2.457113 2.404259
-2.446594 2.407219
-2.436061 2.410179
-2.425513 2.413139
-2.414952 2.416100
-2.404377 2.419061
-2.393787 2.422022
-2.383184 2.424984
-2.372566 2.427945
-2.361934 2.430907
-2.351287 2.433869
-2.340626 2.436831
-2.329951 2.439793
-2.319261 2.442755
-2.308557 2.445716
-2.297838 2.448678
-2.287105 2.451640
-2.276357 2.454602
-2.265594 2.457563
-2.254817 2.460524
-2.244024 2.463485
-2.233218 2.466446
-2.222396 2.469406
-2.211560 2.472366
-2.200708 2.475326
-2.189842 2.478285
-2.178961 2.481244
-2.168065 2.484202
-2.157154 2.487159
-2.146228 2.490116
-2.135288 2.493073
-2.124332 2.496028
-2.113361 2.498983
-2.102375 2.501938
-2.091374 2.504891
-2.080359 2.507843
-2.069328 2.510795
-2.058282 2.513746
-2.047221 2.516695
-2.036145 2.519644
-2.025054 2.522591
-2.013948 2.525538
-2.002827 2.528483
-1.991691 2.531427
-1.980540 2.534370
-1.969374 2.537311
-1.958193 2.540251
-1.946998 2.543190
-1.935787 2.546128
-1.924561 2.549063
-1.913321 2.551998
-1.902065 2.554930
-1.890795 2.557861
-1.879510 2.560791
-1.868210 2.563719
-1.856896 2.566645
-1.845567 2.569569
-1.834223 2.572491
-1.822865 2.575411
-1.811492 2.578330
-1.800104 2.581246
-1.788702 2.584160
-1.777286 2.587073
-1.765856 2.589983
-1.754411 2.592891
-1.742951 2.595796
-1.731478 2.598700
-1.719991 2.601601
-1.708489 2.604500
-1.696974 2.607396
-1.685445 2.610290
-1.673901 2.613181
-1.662345 2.616069
-1.650774 2.618956
-1.639190 2.621839
-1.627592 2.624720
-1.615981 2.627598
-1.604357 2.630473
-1.592719 2.633345
-1.581069 2.636214
-1.569405 2.639081
-1.557728 2.641944
-1.546038 2.644805
-1.534336 2.647662
-1.522621 2.650516
-1.510894 2.653367
-1.499154 2.656215
-1.487401 2.659060
-1.475637 2.661901
-1.463861 2.664739
-1.452072 2.667574
-1.440272 2.670405
-1.428460 2.673233
-1.416636 2.676058
-1.404801 2.678878
-1.392955 2.681696
-1.381097 2.684509
-1.369228 2.687319
-1.357349 2.690125
-1.345458 2.692928
-1.333557 2.695727
-1.321646 2.698522
-1.309724 2.701313
-1.297792 2.704100
-1.285850 2.706884
-1.273898 2.709663
-1.261936 2.712439
-1.249964 2.715210
-1.237983 2.717978
-1.225993 2.720741
-1.213994 2.723501
-1.201985 2.726256
-1.189968 2.729007
-1.177943 2.731754
-1.165908 2.734497
-1.153866 2.737235
-1.141815 2.739969
-1.129756 2.742699
-1.117690 2.745425
-1.105616 2.748146
-1.093534 2.750863
-1.081446 2.753576
-1.069350 2.756284
-1.057247 2.758988
-1.045137 2.761687
-1.033021 2.764382
-1.020899 2.767073
-1.008770 2.769759
-0.996636 2.772440
-0.984495 2.775117
-0.972349 2.777790
-0.960198 2.780458
-0.948041 2.783121
-0.935879 2.785780
-0.923712 2.788434
-0.911541 2.791084
-0.899365 2.793729
-0.887185 2.796370
-0.875001 2.799006
-0.862813 2.801637
-0.850621 2.804264
-0.838426 2.806886
-0.826227 2.809504
-0.814025 2.812116
-0.801821 2.814725
-0.789613 2.817328
-0.777403 2.819928
-0.765191 2.822522
-0.752977 2.825112
-0.740760 2.827697
-0.728542 2.830278
-0.716322 2.832854
-0.704101 2.835425
-0.691879 2.837992
-0.679656 2.840554
-0.667432 2.843112
-0.655208 2.845665
-0.642983 2.848214
-0.630758 2.850758
-0.618532 2.853298
-0.606308 2.855833
-0.594083 2.858364
-0.581859 2.860890
-0.569636 2.863411
-0.557414 2.865929
-0.545193 2.868441
-0.532973 2.870950
-0.520755 2.873454
-0.508539 2.875954
-0.496324 2.878449
-0.484112 2.880940
-0.471902 2.883427
-0.459694 2.885909
-0.447490 2.888387
-0.435287 2.890861
-0.423088 2.893331
-0.410892 2.895797
-0.398700 2.898258
-0.386511 2.900715
-0.374326 2.903169
-0.362145 2.905618
-0.349967 2.908063
-0.337794 2.910504
-0.325626 2.912941
-0.313462 2.915374
-0.301303 2.917804
-0.289148 2.920229
-0.276999 2.922651
-0.264855 2.925068
-0.252717 2.927482
-0.240584 2.929893
-0.228457 2.932299
-0.216335 2.934702
-0.204220 2.937101
-0.192111 2.939497
-0.180008 2.941889
-0.167912 2.944278
-0.155823 2.946663
-0.143740 2.949044
-0.131664 2.951422
-0.119595 2.953797
-0.107534 2.956169
-0.095480 2.958537
-0.083433 2.960902
-0.071394 2.963264
-0.059363 2.965622
-0.047339 2.967978
-0.035324 2.970330
-0.023317 2.972679
-0.011318 2.975026
0.000672 2.977369
0.012654 2.979709
0.024628 2.982047
0.036592 2.984382
0.048548 2.986714
0.060495 2.989043
0.072432 2.991369
0.084361 2.993693
0.096280 2.996014
0.108190 2.998333
0.120090 3.000649
0.131980 3.002962
0.143861 3.005274
0.155732 3.007582
0.167593 3.009889
0.179445 3.012193
0.191286 3.014494
0.203117 3.016794
0.214937 3.019091
0.226747 3.021386
0.238547 3.023679
0.250337 3.025970
0.262116 3.028259
0.273884 3.030546
0.285641 3.032831
0.297388 3.035115
0.309123 3.037396
0.320848 3.039676
0.332562 3.041953
0.344265 3.044230
0.355957 3.046504
0.367637 3.048777
0.379306 3.051048
0.390964 3.053318
0.402611 3.055586
0.414246 3.057852
0.425870 3.060118
0.437482 3.062381
0.449083 3.064644
0.460672 3.066905
0.472249 3.069165
0.483815 3.071424
0.495369 3.073681
0.506912 3.075938
0.518443 3.078193
0.529962 3.080447
0.541469 3.082701
0.552964 3.084953
0.564447 3.087204
0.575919 3.089454
0.587378 3.091704
0.598826 3.093952
0.610261 3.096200
0.621685 3.098447
0.633096 3.100694
0.644496 3.102939
0.655883 3.105184
0.667259 3.107429
0.678622 3.109672
0.689974 3.111916
0.701313 3.114158
0.712640 3.116401
0.723955 3.118642
0.735258 3.120884
0.746549 3.123125
0.757828 3.125365
0.769095 3.127605
0.780350 3.129845
0.791593 3.132085
0.802823 3.134325
0.814042 3.136564
0.825249 3.138803
0.836443 3.141042
0.847626 3.143281
0.858796 3.145520
0.869955 3.147758
0.881101 3.149997
0.892236 3.152236
0.903358 3.154474
0.914469 3.156713
0.925568 3.158952
0.936655 3.161191
0.947730 3.163430
0.958793 3.165669
0.969844 3.167909
0.980884 3.170148
0.991912 3.172388
1.002928 3.174628
1.013932 3.176869
1.024925 3.179110
1.035906 3.181351
1.046875 3.183592
1.057833 3.185834
1.068779 3.188076
1.079714 3.190319
1.090638 3.192562
1.101549 3.194805
1.112450 3.197049
1.123339 3.199294
1.134217 3.201538
1.145083 3.203784
1.155939 3.206030
1.166783 3.208277
1.177615 3.210524
1.188437 3.212772
1.199248 3.215020
1.210047 3.217269
1.220836 3.219519
1.231613 3.221769
1.242380 3.224020
1.253136 3.226272
1.263881 3.228525
1.274615 3.230778
1.285339 3.233032
1.296051 3.235287
1.306754 3.237542
1.317445 3.239799
1.328126 3.242056
1.338797 3.244314
1.349457 3.246572
1.360107 3.248832
1.370746 3.251093
1.381375 3.253354
1.391994 3.255616
1.402603 3.257879
1.413201 3.260143
1.423790 3.262408
1.434368 3.264674
1.444937 3.266941
1.455495 3.269209
1.466044 3.271477
1.476583 3.273747
1.487112 3.276017
1.497631 3.278289
1.508141 3.280562
1.518641 3.282835
1.529132 3.285110
1.539613 3.287385
1.550085 3.289662
1.560547 3.291939
1.571000 3.294218
1.581444 3.296498
1.591878 3.298779
1.602304 3.301060
1.612720 3.303343
1.623127 3.305627
1.633525 3.307912
1.643914 3.310198
1.654295 3.312485
1.664666 3.314773
1.675029 3.317063
1.685383 3.319353
1.695729 3.321645
1.706066 3.323937
1.716394 3.326231
1.726714 3.328526
1.737025 3.330822
1.747328 3.333119
1.757623 3.335417
1.767909 3.337716
1.778188 3.340016
1.788458 3.342318
1.798720 3.344621
1.808974 3.346924
1.819220 3.349229
1.829458 3.351535
1.839688 3.353843
1.849911 3.356151
1.860125 3.358460
1.870332 3.360771
1.880532 3.363083
1.890723 3.365396
1.900908 3.367710
1.911084 3.370025
1.921254 3.372341
1.931416 3.374659
1.941570 3.376977
1.951718 3.379297
1.961858 3.381618
1.971991 3.383940
1.982117 3.386264
1.992236 3.388588
2.002347 3.390913
2.012452 3.393240
2.022550 3.395568
2.032642 3.397897
2.042726 3.400227
2.052804 3.402558
2.062875 3.404891
2.072939 3.407224
2.082997 3.409559
2.093049 3.411895
2.103094 3.414232
2.113132 3.416570
2.123164 3.418909
2.133190 3.421250
2.143210 3.423591
2.153223 3.425934
2.163230 3.428278
2.173231 3.430622
2.183226 3.432969
2.193216 3.435316
2.203199 3.437664
2.213176 3.440013
2.223147 3.442364
2.233113 3.444715
2.243072 3.447068
2.253026 3.449422
2.262975 3.451777
2.272918 3.454133
2.282855 3.456490
2.292787 3.458848
2.302713 3.461208
2.312634 3.463568
2.322549 3.465930
2.332459 3.468292
2.342364 3.470656
2.352263 3.473021
2.362158 3.475386
2.372047 3.477753
2.381931 3.480121
2.391810 3.482490
2.401684 3.484860
2.411553 3.487232
2.421417 3.489604
2.431276 3.491977
2.441131 3.494351
2.450980 3.496727
2.460825 3.499103
2.470665 3.501481
2.480501 3.503859
2.490331 3.506238
2.500158 3.508619
2.509979 3.511001
2.519797 3.513383
2.529609 3.515767
2.539418 3.518151
2.549221 3.520537
2.559021 3.522923
2.568816 3.525311
2.578607 3.527700
2.588394 3.530089
2.598177 3.532480
2.607955 3.534871
2.617730 3.537264
2.627500 3.539657
2.637266 3.542052
2.647028 3.544447
2.656787 3.546844
2.666541 3.549241
2.676292 3.551639
2.686038 3.554039
2.695781 3.556439
2.705520 3.558840
2.715256 3.561242
2.724988 3.563645
2.734716 3.566049
2.744440 3.568454
2.754161 3.570860
2.763878 3.573267
2.773592 3.575674
2.783302 3.578083
2.793009 3.580492
2.802712 3.582903
2.812412 3.585314
2.822109 3.587726
2.831802 3.590139
2.841492 3.592553
2.851179 3.594968
2.860863 3.597383
2.870543 3.599800
2.880220 3.602217
2.889894 3.604636
2.899565 3.607055
2.909233 3.609475
2.918898 3.611896
2.928560 3.614317
2.938219 3.616740
2.947875 3.619163
2.957528 3.621587
2.967178 3.624012
2.976825 3.626438
2.986470 3.628865
2.996112 3.631293
3.005751 3.633721
3.015387 3.636150
3.025020 3.638580
3.034651 3.641011
3.044279 3.643442
3.053905 3.645874
3.063528 3.648308
3.073148 3.650741
3.082766 3.653176
3.092381 3.655612
3.101994 3.658048
3.111604 3.660485
3.121212 3.662923
3.130818 3.665361
3.140421 3.667800
3.150021 3.670240
3.159620 3.672681
3.169216 3.675123
3.178810 3.677565
3.188401 3.680008
3.197990 3.682452
3.207577 3.684896
3.217162 3.687341
3.226745 3.689787
3.236326 3.692234
3.245904 3.694681
3.255480 3.697129
3.265055 3.699578
3.274627 3.702027
3.284197 3.704477
3.293765 3.706928
3.303331 3.709380
3.312896 3.711832
3.322458 3.714285
3.332018 3.716739
3.341577 3.719193
3.351133 3.721648
3.360688 3.724103
3.370241 3.726560
3.379792 3.729016
3.389341 3.731474
3.398889 3.733932
3.408434 3.736391
3.417978 3.738851
3.427521 3.741311
3.437061 3.743772
3.446600 3.746233
3.456137 3.748695
3.465673 3.751158
3.475207 3.753621
3.484739 3.756085
3.494270 3.758550
3.503799 3.761015
3.513327 3.763481
3.522853 3.765947
3.532378 3.768414
3.541901 3.770881
3.551423 3.773350
3.560943 3.775818
3.570462 3.778288
3.579979 3.780758
3.589495 3.783228
3.599010 3.785699
3.608523 3.788171
3.618035 3.790643
3.627545 3.793116
3.637055 3.795590
3.646563 3.798064
3.656069 3.800538
3.665575 3.803013
3.675079 3.805489
3.684581 3.807965
3.694083 3.810442
3.703583 3.812919
3.713083 3.815397
3.722581 3.817875
3.732077 3.820354
3.741573 3.822834
3.751068 3.825314
3.760561 3.827794
3.770053 3.830275
3.779545 3.832757
3.789035 3.835239
3.798524 3.837721
3.808012 3.840204
3.817499 3.842688
3.826985 3.845172
3.836470 3.847657
3.845954 3.850142
3.855437 3.852627
3.864918 3.855113
3.874399 3.857600
3.883880 3.860087
3.893359 3.862575
3.902837 3.865063
3.912314 3.867551
3.921790 3.870040
3.931266 3.872530
3.940741 3.875020
3.950214 3.877510
3.959687 3.880001
3.969159 3.882492
3.978630 3.884984
3.988101 3.887476
3.997570 3.889969
4.007039 3.892462
4.016507 3.894956
4.025975 3.897450
4.035441 3.899944
4.044907 3.902439
4.054372 3.904935
4.063836 3.907430
4.073300 3.909927
4.082762 3.912423
4.092225 3.914921
4.101686 3.917418
4.111147 3.919916
4.120607 3.922415
4.130066 3.924913
4.139525 3.927413
4.148983 3.929912
4.158441 3.932412
4.167898 3.934913
4.177354 3.937414
4.186810 3.939915
4.196265 3.942417
4.205719 3.944919
4.215173 3.947421
4.224627 3.949924
4.234080 3.952427
4.243532 3.954931
4.252984 3.957435
4.262435 3.959940
4.271886 3.962445
4.281336 3.964950
4.290785 3.967455
4.300235 3.969961
4.309683 3.972468
4.319132 3.974975
4.328579 3.977482
4.338027 3.979989
4.347473 3.982497
4.356920 3.985005
4.366366 3.987514
4.375811 3.990023
4.385256 3.992532
4.394701 3.995042
4.404145 3.997552
4.413589 4.000062
4.423033 4.002573
4.432476 4.005084
4.441919 4.007595
4.451361 4.010107
4.460803 4.012619
4.470245 4.015132
4.479686 4.017644
4.489127 4.020158
4.498567 4.022671
4.508008 4.025185
4.517448 4.027699
4.526887 4.030214
4.536326 4.032728
4.545765 4.035243
4.555204 4.037759
4.564643 4.040275
4.574081 4.042791
4.583519 4.045307
4.592956 4.047824
4.602393 4.050341
4.611830 4.052858
4.621267 4.055376
4.630704 4.057894
4.640140 4.060412
4.649576 4.062931
4.659012 4.065450
4.668448 4.067969
4.677883 4.070488
4.687318 4.073008
4.696753 4.075528
4.706188 4.078049
4.715622 4.080570
4.725057 4.083091
4.734491 4.085612
4.743925 4.088133
4.753359 4.090655
4.762792 4.093177
4.772226 4.095700
4.781659 4.098223
4.791092 4.100746
4.800525 4.103269
4.809958 4.105792
4.819390 4.108316
4.828823 4.110840
4.838255 4.113365
4.847688 4.115889
4.857120 4.118414
4.866552 4.120940
4.875984 4.123465
4.885416 4.125991
4.894847 4.128517
4.904279 4.131043
4.913710 4.133570
4.923142 4.136096
4.932573 4.138624
4.942004 4.141151
4.951435 4.143678
4.960866 4.146206
4.970297 4.148734
4.979728 4.151263
4.989159 4.153791
4.998590 4.156320
