# Joukowski airfoil case 4
# a = 1, xi0 = -0.1, eta0 = 0, r = 1.1
# x   y   x/a   y/a
2.000000 0.000000 2.000000 0.000000
1.999908 0.000000 1.999908 0.000000
1.999631 0.000001 1.999631 0.000001
1.999171 0.000002 1.999171 0.000002
1.998526 0.000005 1.998526 0.000005
1.997697 0.000010 1.997697 0.000010
1.996684 0.000017 1.996684 0.000017
1.995487 0.000028 1.995487 0.000028
1.994107 0.000041 1.994107 0.000041
1.992543 0.000058 1.992543 0.000058
1.990795 0.000080 1.990795 0.000080
1.988865 0.000107 1.988865 0.000107
1.986752 0.000138 1.986752 0.000138
1.984456 0.000176 1.984456 0.000176
1.981978 0.000219 1.981978 0.000219
1.979318 0.000270 1.979318 0.000270
1.976476 0.000327 1.976476 0.000327
1.973453 0.000392 1.973453 0.000392
1.970250 0.000465 1.970250 0.000465
1.966866 0.000546 1.966866 0.000546
1.963302 0.000636 1.963302 0.000636
1.959558 0.000736 1.959558 0.000736
1.955635 0.000845 1.955635 0.000845
1.951534 0.000964 1.951534 0.000964
1.947255 0.001094 1.947255 0.001094
1.942799 0.001235 1.942799 0.001235
1.938165 0.001387 1.938165 0.001387
1.933356 0.001551 1.933356 0.001551
1.928370 0.001728 1.928370 0.001728
1.923210 0.001917 1.923210 0.001917
1.917875 0.002118 1.917875 0.002118
1.912367 0.002333 1.912367 0.002333
1.906685 0.002562 1.906685 0.002562
1.900832 0.002805 1.900832 0.002805
1.894807 0.003062 1.894807 0.003062
1.888611 0.003334 1.888611 0.003334
1.882245 0.003621 1.882245 0.003621
1.875710 0.003924 1.875710 0.003924
1.869007 0.004242 1.869007 0.004242
1.862136 0.004576 1.862136 0.004576
1.855098 0.004926 1.855098 0.004926
1.847895 0.005293 1.847895 0.005293
1.840527 0.005677 1.840527 0.005677
1.832995 0.006078 1.832995 0.006078
1.825300 0.006497 1.825300 0.006497
1.817443 0.006933 1.817443 0.006933
1.809425 0.007388 1.809425 0.007388
1.801247 0.007860 1.801247 0.007860
1.792910 0.008351 1.792910 0.008351
1.784415 0.008860 1.784415 0.008860
1.775763 0.009389 1.775763 0.009389
1.766954 0.009936 1.766954 0.009936
1.757991 0.010503 1.757991 0.010503
1.748874 0.011089 1.748874 0.011089
1.739605 0.011694 1.739605 0.011694
1.730184 0.012320 1.730184 0.012320
1.720612 0.012965 1.720612 0.012965
1.710891 0.013630 1.710891 0.013630
1.701022 0.014315 1.701022 0.014315
1.691006 0.015021 1.691006 0.015021
1.680845 0.015747 1.680845 0.015747
1.670538 0.016493 1.670538 0.016493
1.660089 0.017260 1.660089 0.017260
1.649497 0.018048 1.649497 0.018048
1.638765 0.018856 1.638765 0.018856
1.627892 0.019685 1.627892 0.019685
1.616882 0.020535 1.616882 0.020535
1.605734 0.021405 1.605734 0.021405
1.594451 0.022297 1.594451 0.022297
1.583033 0.023209 1.583033 0.023209
1.571482 0.024142 1.571482 0.024142
1.559800 0.025096 1.559800 0.025096
1.547986 0.026071 1.547986 0.026071
1.536044 0.027066 1.536044 0.027066
1.523973 0.028083 1.523973 0.028083
1.511777 0.029119 1.511777 0.029119
1.499455 0.030177 1.499455 0.030177
1.487009 0.031255 1.487009 0.031255
1.474442 0.032353 1.474442 0.032353
1.461753 0.033472 1.461753 0.033472
1.448945 0.034611 1.448945 0.034611
1.436018 0.035771 1.436018 0.035771
1.422975 0.036950 1.422975 0.036950
1.409817 0.038149 1.409817 0.038149
1.396545 0.039368 1.396545 0.039368
1.383160 0.040606 1.383160 0.040606
1.369665 0.041864 1.369665 0.041864
1.356060 0.043141 1.356060 0.043141
1.342347 0.044437 1.342347 0.044437
1.328527 0.045752 1.328527 0.045752
1.314603 0.047086 1.314603 0.047086
1.300574 0.048438 1.300574 0.048438
1.286444 0.049808 1.286444 0.049808
1.272213 0.051196 1.272213 0.051196
1.257883 0.052602 1.257883 0.052602
1.243455 0.054026 1.243455 0.054026
1.228930 0.055466 1.228930 0.055466
1.214311 0.056924 1.214311 0.056924
1.199599 0.058398 1.199599 0.058398
1.184795 0.059889 1.184795 0.059889
1.169901 0.061396 1.169901 0.061396
1.154919 0.062919 1.154919 0.062919
1.139849 0.064457 1.139849 0.064457
1.124693 0.066010 1.124693 0.066010
1.109453 0.067579 1.109453 0.067579
1.094131 0.069162 1.094131 0.069162
1.078727 0.070759 1.078727 0.070759
1.063244 0.072370 1.063244 0.072370
1.047682 0.073994 1.047682 0.073994
1.032045 0.075632 1.032045 0.075632
1.016331 0.077282 1.016331 0.077282
1.000545 0.078945 1.000545 0.078945
0.984686 0.080620 0.984686 0.080620
0.968757 0.082306 0.968757 0.082306
0.952759 0.084004 0.952759 0.084004
0.936693 0.085712 0.936693 0.085712
0.920562 0.087432 0.920562 0.087432
0.904365 0.089161 0.904365 0.089161
0.888106 0.090900 0.888106 0.090900
0.871786 0.092648 0.871786 0.092648
0.855405 0.094405 0.855405 0.094405
0.838967 0.096170 0.838967 0.096170
0.822471 0.097943 0.822471 0.097943
0.805920 0.099724 0.805920 0.099724
0.789314 0.101512 0.789314 0.101512
0.772657 0.103306 0.772657 0.103306
0.755948 0.105107 0.755948 0.105107
0.739191 0.106913 0.739191 0.106913
0.722385 0.108725 0.722385 0.108725
0.705533 0.110542 0.705533 0.110542
0.688635 0.112362 0.688635 0.112362
0.671695 0.114187 0.671695 0.114187
0.654712 0.116015 0.654712 0.116015
0.637689 0.117847 0.637689 0.117847
0.620627 0.119680 0.620627 0.119680
0.603527 0.121516 0.603527 0.121516
0.586391 0.123353 0.586391 0.123353
0.569221 0.125191 0.569221 0.125191
0.552017 0.127030 0.552017 0.127030
0.534781 0.128869 0.534781 0.128869
0.517516 0.130708 0.517516 0.130708
0.500221 0.132545 0.500221 0.132545
0.482899 0.134382 0.482899 0.134382
0.465551 0.136216 0.465551 0.136216
0.448179 0.138048 0.448179 0.138048
0.430783 0.139877 0.430783 0.139877
0.413365 0.141703 0.413365 0.141703
0.395928 0.143525 0.395928 0.143525
0.378471 0.145343 0.378471 0.145343
0.360997 0.147156 0.360997 0.147156
0.343507 0.148964 0.343507 0.148964
0.326002 0.150766 0.326002 0.150766
0.308484 0.152562 0.308484 0.152562
0.290954 0.154351 0.290954 0.154351
0.273414 0.156132 0.273414 0.156132
0.255864 0.157906 0.255864 0.157906
0.238306 0.159672 0.238306 0.159672
0.220742 0.161429 0.220742 0.161429
0.203173 0.163177 0.203173 0.163177
0.185601 0.164916 0.185601 0.164916
0.168025 0.166644 0.168025 0.166644
0.150449 0.168361 0.150449 0.168361
0.132873 0.170068 0.132873 0.170068
0.115299 0.171762 0.115299 0.171762
0.097727 0.173445 0.097727 0.173445
0.080160 0.175116 0.080160 0.175116
0.062599 0.176773 0.062599 0.176773
0.045044 0.178417 0.045044 0.178417
0.027497 0.180047 0.027497 0.180047
0.009960 0.181663 0.009960 0.181663
-0.007567 0.183264 -0.007567 0.183264
-0.025082 0.184849 -0.025082 0.184849
-0.042583 0.186419 -0.042583 0.186419
-0.060070 0.187973 -0.060070 0.187973
-0.077541 0.189510 -0.077541 0.189510
-0.094995 0.191030 -0.094995 0.191030
-0.112431 0.192533 -0.112431 0.192533
-0.129847 0.194018 -0.129847 0.194018
-0.147243 0.195484 -0.147243 0.195484
-0.164617 0.196932 -0.164617 0.196932
-0.181967 0.198361 -0.181967 0.198361
-0.199293 0.199770 -0.199293 0.199770
-0.216594 0.201159 -0.216594 0.201159
-0.233868 0.202527 -0.233868 0.202527
-0.251114 0.203875 -0.251114 0.203875
-0.268331 0.205202 -0.268331 0.205202
-0.285517 0.206507 -0.285517 0.206507
-0.302672 0.207790 -0.302672 0.207790
-0.319795 0.209051 -0.319795 0.209051
-0.336884 0.210289 -0.336884 0.210289
-0.353937 0.211504 -0.353937 0.211504
-0.370955 0.212696 -0.370955 0.212696
-0.387935 0.213864 -0.387935 0.213864
-0.404878 0.215007 -0.404878 0.215007
-0.421780 0.216126 -0.421780 0.216126
-0.438642 0.217221 -0.438642 0.217221
-0.455463 0.218290 -0.455463 0.218290
-0.472240 0.219333 -0.472240 0.219333
-0.488974 0.220351 -0.488974 0.220351
-0.505663 0.221342 -0.505663 0.221342
-0.522306 0.222308 -0.522306 0.222308
-0.538901 0.223246 -0.538901 0.223246
-0.555449 0.224157 -0.555449 0.224157
-0.571947 0.225041 -0.571947 0.225041
-0.588395 0.225897 -0.588395 0.225897
-0.604792 0.226725 -0.604792 0.226725
-0.621136 0.227525 -0.621136 0.227525
-0.637427 0.228296 -0.637427 0.228296
-0.653663 0.229039 -0.653663 0.229039
-0.669844 0.229753 -0.669844 0.229753
-0.685969 0.230437 -0.685969 0.230437
-0.702036 0.231092 -0.702036 0.231092
-0.718044 0.231717 -0.718044 0.231717
-0.733994 0.232312 -0.733994 0.232312
-0.749882 0.232876 -0.749882 0.232876
-0.765710 0.233411 -0.765710 0.233411
-0.781475 0.233914 -0.781475 0.233914
-0.797176 0.234387 -0.797176 0.234387
-0.812814 0.234829 -0.812814 0.234829
-0.828386 0.235239 -0.828386 0.235239
-0.843892 0.235618 -0.843892 0.235618
-0.859331 0.235965 -0.859331 0.235965
-0.874701 0.236281 -0.874701 0.236281
-0.890003 0.236564 -0.890003 0.236564
-0.905235 0.236816 -0.905235 0.236816
-0.920396 0.237035 -0.920396 0.237035
-0.935486 0.237222 -0.935486 0.237222
-0.950503 0.237376 -0.950503 0.237376
-0.965446 0.237497 -0.965446 0.237497
-0.980315 0.237586 -0.980315 0.237586
-0.995109 0.237642 -0.995109 0.237642
-1.009827 0.237664 -1.009827 0.237664
-1.024467 0.237654 -1.024467 0.237654
-1.039030 0.237610 -1.039030 0.237610
-1.053515 0.237533 -1.053515 0.237533
-1.067919 0.237423 -1.067919 0.237423
-1.082244 0.237279 -1.082244 0.237279
-1.096487 0.237101 -1.096487 0.237101
-1.110648 0.236890 -1.110648 0.236890
-1.124727 0.236645 -1.124727 0.236645
-1.138722 0.236366 -1.138722 0.236366
-1.152632 0.236054 -1.152632 0.236054
-1.166458 0.235708 -1.166458 0.235708
-1.180197 0.235328 -1.180197 0.235328
-1.193850 0.234914 -1.193850 0.234914
-1.207415 0.234466 -1.207415 0.234466
-1.220891 0.233985 -1.220891 0.233985
-1.234279 0.233469 -1.234279 0.233469
-1.247577 0.232920 -1.247577 0.232920
-1.260784 0.232336 -1.260784 0.232336
-1.273900 0.231719 -1.273900 0.231719
-1.286924 0.231069 -1.286924 0.231069
-1.299856 0.230384 -1.299856 0.230384
-1.312693 0.229666 -1.312693 0.229666
-1.325437 0.228914 -1.325437 0.228914
-1.338086 0.228128 -1.338086 0.228128
-1.350639 0.227309 -1.350639 0.227309
-1.363096 0.226456 -1.363096 0.226456
-1.375455 0.225570 -1.375455 0.225570
-1.387718 0.224650 -1.387718 0.224650
-1.399881 0.223697 -1.399881 0.223697
-1.411946 0.222711 -1.411946 0.222711
-1.423912 0.221692 -1.423912 0.221692
-1.435776 0.220640 -1.435776 0.220640
-1.447540 0.219556 -1.447540 0.219556
-1.459203 0.218438 -1.459203 0.218438
-1.470763 0.217288 -1.470763 0.217288
-1.482220 0.216105 -1.482220 0.216105
-1.493574 0.214890 -1.493574 0.214890
-1.504824 0.213643 -1.504824 0.213643
-1.515969 0.212364 -1.515969 0.212364
-1.527008 0.211053 -1.527008 0.211053
-1.537942 0.209710 -1.537942 0.209710
-1.548770 0.208335 -1.548770 0.208335
-1.559490 0.206930 -1.559490 0.206930
-1.570102 0.205493 -1.570102 0.205493
-1.580607 0.204025 -1.580607 0.204025
-1.591003 0.202526 -1.591003 0.202526
-1.601289 0.200997 -1.601289 0.200997
-1.611466 0.199437 -1.611466 0.199437
-1.621532 0.197847 -1.621532 0.197847
-1.631487 0.196227 -1.631487 0.196227
-1.641331 0.194577 -1.641331 0.194577
-1.651062 0.192898 -1.651062 0.192898
-1.660681 0.191189 -1.660681 0.191189
-1.670188 0.189452 -1.670188 0.189452
-1.679580 0.187685 -1.679580 0.187685
-1.688859 0.185890 -1.688859 0.185890
-1.698023 0.184066 -1.698023 0.184066
-1.707073 0.182215 -1.707073 0.182215
-1.716006 0.180336 -1.716006 0.180336
-1.724824 0.178429 -1.724824 0.178429
-1.733526 0.176495 -1.733526 0.176495
-1.742110 0.174533 -1.742110 0.174533
-1.750578 0.172546 -1.750578 0.172546
-1.758927 0.170531 -1.758927 0.170531
-1.767159 0.168491 -1.767159 0.168491
-1.775272 0.166425 -1.775272 0.166425
-1.783265 0.164333 -1.783265 0.164333
-1.791140 0.162216 -1.791140 0.162216
-1.798894 0.160074 -1.798894 0.160074
-1.806529 0.157908 -1.806529 0.157908
-1.814042 0.155717 -1.814042 0.155717
-1.821435 0.153503 -1.821435 0.153503
-1.828706 0.151265 -1.828706 0.151265
-1.835856 0.149003 -1.835856 0.149003
-1.842883 0.146719 -1.842883 0.146719
-1.849788 0.144412 -1.849788 0.144412
-1.856570 0.142082 -1.856570 0.142082
-1.863229 0.139731 -1.863229 0.139731
-1.869764 0.137359 -1.869764 0.137359
-1.876175 0.134965 -1.876175 0.134965
-1.882462 0.132550 -1.882462 0.132550
-1.888624 0.130115 -1.888624 0.130115
-1.894662 0.127659 -1.894662 0.127659
-1.900574 0.125185 -1.900574 0.125185
-1.906361 0.122690 -1.906361 0.122690
-1.912022 0.120177 -1.912022 0.120177
-1.917557 0.117645 -1.917557 0.117645
-1.922966 0.115095 -1.922966 0.115095
-1.928248 0.112527 -1.928248 0.112527
-1.933403 0.109942 -1.933403 0.109942
-1.938431 0.107340 -1.938431 0.107340
-1.943332 0.104721 -1.943332 0.104721
-1.948105 0.102086 -1.948105 0.102086
-1.952750 0.099435 -1.952750 0.099435
-1.957266 0.096768 -1.957266 0.096768
-1.961655 0.094087 -1.961655 0.094087
-1.965915 0.091391 -1.965915 0.091391
-1.970046 0.088681 -1.970046 0.088681
-1.974047 0.085957 -1.974047 0.085957
-1.977920 0.083220 -1.977920 0.083220
-1.981663 0.080470 -1.981663 0.080470
-1.985277 0.077708 -1.985277 0.077708
-1.988761 0.074933 -1.988761 0.074933
-1.992115 0.072147 -1.992115 0.072147
-1.995338 0.069349 -1.995338 0.069349
-1.998432 0.066541 -1.998432 0.066541
-2.001395 0.063723 -2.001395 0.063723
-2.004227 0.060894 -2.004227 0.060894
-2.006928 0.058056 -2.006928 0.058056
-2.009499 0.055210 -2.009499 0.055210
-2.011938 0.052354 -2.011938 0.052354
-2.014247 0.049491 -2.014247 0.049491
-2.016424 0.046619 -2.016424 0.046619
-2.018470 0.043741 -2.018470 0.043741
-2.020384 0.040856 -2.020384 0.040856
-2.022166 0.037964 -2.022166 0.037964
-2.023817 0.035066 -2.023817 0.035066
-2.025336 0.032163 -2.025336 0.032163
-2.026724 0.029255 -2.026724 0.029255
-2.027979 0.026343 -2.027979 0.026343
-2.029103 0.023426 -2.029103 0.023426
-2.030094 0.020506 -2.030094 0.020506
-2.030953 0.017582 -2.030953 0.017582
-2.031680 0.014656 -2.031680 0.014656
-2.032275 0.011728 -2.032275 0.011728
-2.032738 0.008797 -2.032738 0.008797
-2.033069 0.005866 -2.033069 0.005866
-2.033267 0.002933 -2.033267 0.002933
-2.033333 0.000000 -2.033333 0.000000
-2.033267 -0.002933 -2.033267 -0.002933
-2.033069 -0.005866 -2.033069 -0.005866
-2.032738 -0.008797 -2.032738 -0.008797
-2.032275 -0.011728 -2.032275 -0.011728
-2.031680 -0.014656 -2.031680 -0.014656
-2.030953 -0.017582 -2.030953 -0.017582
-2.030094 -0.020506 -2.030094 -0.020506
-2.029103 -0.023426 -2.029103 -0.023426
-2.027979 -0.026343 -2.027979 -0.026343
-2.026724 -0.029255 -2.026724 -0.029255
-2.025336 -0.032163 -2.025336 -0.032163
-2.023817 -0.035066 -2.023817 -0.035066
-2.022166 -0.037964 -2.022166 -0.037964
-2.020384 -0.040856 -2.020384 -0.040856
-2.018470 -0.043741 -2.018470 -0.043741
-2.016424 -0.046619 -2.016424 -0.046619
-2.014247 -0.049491 -2.014247 -0.049491
-2.011938 -0.052354 -2.011938 -0.052354
-2.009499 -0.055210 -2.009499 -0.055210
-2.006928 -0.058056 -2.006928 -0.058056
-2.004227 -0.060894 -2.004227 -0.060894
-2.001395 -0.063723 -2.001395 -0.063723
-1.998432 -0.066541 -1.998432 -0.066541
-1.995338 -0.069349 -1.995338 -0.069349
-1.992115 -0.072147 -1.992115 -0.072147
-1.988761 -0.074933 -1.988761 -0.074933
-1.985277 -0.077708 -1.985277 -0.077708
-1.981663 -0.080470 -1.981663 -0.080470
-1.977920 -0.083220 -1.977920 -0.083220
-1.974047 -0.085957 -1.974047 -0.085957
-1.970046 -0.088681 -1.970046 -0.088681
-1.965915 -0.091391 -1.965915 -0.091391
-1.961655 -0.094087 -1.961655 -0.094087
-1.957266 -0.096768 -1.957266 -0.096768
-1.952750 -0.099435 -1.952750 -0.099435
-1.948105 -0.102086 -1.948105 -0.102086
-1.943332 -0.104721 -1.943332 -0.104721
-1.938431 -0.107340 -1.938431 -0.107340
-1.933403 -0.109942 -1.933403 -0.109942
-1.928248 -0.112527 -1.928248 -0.112527
-1.922966 -0.115095 -1.922966 -0.115095
-1.917557 -0.117645 -1.917557 -0.117645
-1.912022 -0.120177 -1.912022 -0.120177
-1.906361 -0.122690 -1.906361 -0.122690
-1.900574 -0.125185 -1.900574 -0.125185
-1.894662 -0.127659 -1.894662 -0.127659
-1.888624 -0.130115 -1.888624 -0.130115
-1.882462 -0.132550 -1.882462 -0.132550
-1.876175 -0.134965 -1.876175 -0.134965
-1.869764 -0.137359 -1.869764 -0.137359
-1.863229 -0.139731 -1.863229 -0.139731
-1.856570 -0.142082 -1.856570 -0.142082
-1.849788 -0.144412 -1.849788 -0.144412
-1.842883 -0.146719 -1.842883 -0.146719
-1.835856 -0.149003 -1.835856 -0.149003
-1.828706 -0.151265 -1.828706 -0.151265
-1.821435 -0.153503 -1.821435 -0.153503
-1.814042 -0.155717 -1.814042 -0.155717
-1.806529 -0.157908 -1.806529 -0.157908
-1.798894 -0.160074 -1.798894 -0.160074
-1.791140 -0.162216 -1.791140 -0.162216
-1.783265 -0.164333 -1.783265 -0.164333
-1.775272 -0.166425 -1.775272 -0.166425
-1.767159 -0.168491 -1.767159 -0.168491
-1.758927 -0.170531 -1.758927 -0.170531
-1.750578 -0.172546 -1.750578 -0.172546
-1.742110 -0.174533 -1.742110 -0.174533
-1.733526 -0.176495 -1.733526 -0.176495
-1.724824 -0.178429 -1.724824 -0.178429
-1.716006 -0.180336 -1.716006 -0.180336
-1.707073 -0.182215 -1.707073 -0.182215
-1.698023 -0.184066 -1.698023 -0.184066
-1.688859 -0.185890 -1.688859 -0.185890
-1.679580 -0.187685 -1.679580 -0.187685
-1.670188 -0.189452 -1.670188 -0.189452
-1.660681 -0.191189 -1.660681 -0.191189
-1.651062 -0.192898 -1.651062 -0.192898
-1.641331 -0.194577 -1.641331 -0.194577
-1.631487 -0.196227 -1.631487 -0.196227
-1.621532 -0.197847 -1.621532 -0.197847
-1.611466 -0.199437 -1.611466 -0.199437
-1.601289 -0.200997 -1.601289 -0.200997
-1.591003 -0.202526 -1.591003 -0.202526
-1.580607 -0.204025 -1.580607 -0.204025
-1.570102 -0.205493 -1.570102 -0.205493
-1.559490 -0.206930 -1.559490 -0.206930
-1.548770 -0.208335 -1.548770 -0.208335
-1.537942 -0.209710 -1.537942 -0.209710
-1.527008 -0.211053 -1.527008 -0.211053
-1.515969 -0.212364 -1.515969 -0.212364
-1.504824 -0.213643 -1.504824 -0.213643
-1.493574 -0.214890 -1.493574 -0.214890
-1.482220 -0.216105 -1.482220 -0.216105
-1.470763 -0.217288 -1.470763 -0.217288
-1.459203 -0.218438 -1.459203 -0.218438
-1.447540 -0.219556 -1.447540 -0.219556
-1.435776 -0.220640 -1.435776 -0.220640
-1.423912 -0.221692 -1.423912 -0.221692
-1.411946 -0.222711 -1.411946 -0.222711
-1.399881 -0.223697 -1.399881 -0.223697
-1.387718 -0.224650 -1.387718 -0.224650
-1.375455 -0.225570 -1.375455 -0.225570
-1.363096 -0.226456 -1.363096 -0.226456
-1.350639 -0.227309 -1.350639 -0.227309
-1.338086 -0.228128 -1.338086 -0.228128
-1.325437 -0.228914 -1.325437 -0.228914
-1.312693 -0.229666 -1.312693 -0.229666
-1.299856 -0.230384 -1.299856 -0.230384
-1.286924 -0.231069 -1.286924 -0.231069
-1.273900 -0.231719 -1.273900 -0.231719
-1.260784 -0.232336 -1.260784 -0.232336
-1.247577 -0.232920 -1.247577 -0.232920
-1.234279 -0.233469 -1.234279 -0.233469
-1.220891 -0.233985 -1.220891 -0.233985
-1.207415 -0.234466 -1.207415 -0.234466
-1.193850 -0.234914 -1.193850 -0.234914
-1.180197 -0.235328 -1.180197 -0.235328
-1.166458 -0.235708 -1.166458 -0.235708
-1.152632 -0.236054 -1.152632 -0.236054
-1.138722 -0.236366 -1.138722 -0.236366
-1.124727 -0.236645 -1.124727 -0.236645
-1.110648 -0.236890 -1.110648 -0.236890
-1.096487 -0.237101 -1.096487 -0.237101
-1.082244 -0.237279 -1.082244 -0.237279
-1.067919 -0.237423 -1.067919 -0.237423
-1.053515 -0.237533 -1.053515 -0.237533
-1.039030 -0.237610 -1.039030 -0.237610
-1.024467 -0.237654 -1.024467 -0.237654
-1.009827 -0.237664 -1.009827 -0.237664
-0.995109 -0.237642 -0.995109 -0.237642
-0.980315 -0.237586 -0.980315 -0.237586
-0.965446 -0.237497 -0.965446 -0.237497
-0.950503 -0.237376 -0.950503 -0.237376
-0.935486 -0.237222 -0.935486 -0.237222
-0.920396 -0.237035 -0.920396 -0.237035
-0.905235 -0.236816 -0.905235 -0.236816
-0.890003 -0.236564 -0.890003 -0.236564
-0.874701 -0.236281 -0.874701 -0.236281
-0.859331 -0.235965 -0.859331 -0.235965
-0.843892 -0.235618 -0.843892 -0.235618
-0.828386 -0.235239 -0.828386 -0.235239
-0.812814 -0.234829 -0.812814 -0.234829
-0.797176 -0.234387 -0.797176 -0.234387
-0.781475 -0.233914 -0.781475 -0.233914
-0.765710 -0.233411 -0.765710 -0.233411
-0.749882 -0.232876 -0.749882 -0.232876
-0.733994 -0.232312 -0.733994 -0.232312
-0.718044 -0.231717 -0.718044 -0.231717
-0.702036 -0.231092 -0.702036 -0.231092
-0.685969 -0.230437 -0.685969 -0.230437
-0.669844 -0.229753 -0.669844 -0.229753
-0.653663 -0.229039 -0.653663 -0.229039
-0.637427 -0.228296 -0.637427 -0.228296
-0.621136 -0.227525 -0.621136 -0.227525
-0.604792 -0.226725 -0.604792 -0.226725
-0.588395 -0.225897 -0.588395 -0.225897
-0.571947 -0.225041 -0.571947 -0.225041
-0.555449 -0.224157 -0.555449 -0.224157
-0.538901 -0.223246 -0.538901 -0.223246
-0.522306 -0.222308 -0.522306 -0.222308
-0.505663 -0.221342 -0.505663 -0.221342
-0.488974 -0.220351 -0.488974 -0.220351
-0.472240 -0.219333 -0.472240 -0.219333
-0.455463 -0.218290 -0.455463 -0.218290
-0.438642 -0.217221 -0.438642 -0.217221
-0.421780 -0.216126 -0.421780 -0.216126
-0.404878 -0.215007 -0.404878 -0.215007
-0.387935 -0.213864 -0.387935 -0.213864
-0.370955 -0.212696 -0.370955 -0.212696
-0.353937 -0.211504 -0.353937 -0.211504
-0.336884 -0.210289 -0.336884 -0.210289
-0.319795 -0.209051 -0.319795 -0.209051
-0.302672 -0.207790 -0.302672 -0.207790
-0.285517 -0.206507 -0.285517 -0.206507
-0.268331 -0.205202 -0.268331 -0.205202
-0.251114 -0.203875 -0.251114 -0.203875
-0.233868 -0.202527 -0.233868 -0.202527
-0.216594 -0.201159 -0.216594 -0.201159
-0.199293 -0.199770 -0.199293 -0.199770
-0.181967 -0.198361 -0.181967 -0.198361
-0.164617 -0.196932 -0.164617 -0.196932
-0.147243 -0.195484 -0.147243 -0.195484
-0.129847 -0.194018 -0.129847 -0.194018
-0.112431 -0.192533 -0.112431 -0.192533
-0.094995 -0.191030 -0.094995 -0.191030
-0.077541 -0.189510 -0.077541 -0.189510
-0.060070 -0.187973 -0.060070 -0.187973
-0.042583 -0.186419 -0.042583 -0.186419
-0.025082 -0.184849 -0.025082 -0.184849
-0.007567 -0.183264 -0.007567 -0.183264
0.009960 -0.181663 0.009960 -0.181663
0.027497 -0.180047 0.027497 -0.180047
0.045044 -0.178417 0.045044 -0.178417
0.062599 -0.176773 0.062599 -0.176773
0.080160 -0.175116 0.080160 -0.175116
0.097727 -0.173445 0.097727 -0.173445
0.115299 -0.171762 0.115299 -0.171762
0.132873 -0.170068 0.132873 -0.170068
0.150449 -0.168361 0.150449 -0.168361
0.168025 -0.166644 0.168025 -0.166644
0.185601 -0.164916 0.185601 -0.164916
0.203173 -0.163177 0.203173 -0.163177
0.220742 -0.161429 0.220742 -0.161429
0.238306 -0.159672 0.238306 -0.159672
0.255864 -0.157906 0.255864 -0.157906
0.273414 -0.156132 0.273414 -0.156132
0.290954 -0.154351 0.290954 -0.154351
0.308484 -0.152562 0.308484 -0.152562
0.326002 -0.150766 0.326002 -0.150766
0.343507 -0.148964 0.343507 -0.148964
0.360997 -0.147156 0.360997 -0.147156
0.378471 -0.145343 0.378471 -0.145343
0.395928 -0.143525 0.395928 -0.143525
0.413365 -0.141703 0.413365 -0.141703
0.430783 -0.139877 0.430783 -0.139877
0.448179 -0.138048 0.448179 -0.138048
0.465551 -0.136216 0.465551 -0.136216
0.482899 -0.134382 0.482899 -0.134382
0.500221 -0.132545 0.500221 -0.132545
0.517516 -0.130708 0.517516 -0.130708
0.534781 -0.128869 0.534781 -0.128869
0.552017 -0.127030 0.552017 -0.127030
0.569221 -0.125191 0.569221 -0.125191
0.586391 -0.123353 0.586391 -0.123353
0.603527 -0.121516 0.603527 -0.121516
0.620627 -0.119680 0.620627 -0.119680
0.637689 -0.117847 0.637689 -0.117847
0.654712 -0.116015 0.654712 -0.116015
0.671695 -0.114187 0.671695 -0.114187
0.688635 -0.112362 0.688635 -0.112362
0.705533 -0.110542 0.705533 -0.110542
0.722385 -0.108725 0.722385 -0.108725
0.739191 -0.106913 0.739191 -0.106913
0.755948 -0.105107 0.755948 -0.105107
0.772657 -0.103306 0.772657 -0.103306
0.789314 -0.101512 0.789314 -0.101512
0.805920 -0.099724 0.805920 -0.099724
0.822471 -0.097943 0.822471 -0.097943
0.838967 -0.096170 0.838967 -0.096170
0.855405 -0.094405 0.855405 -0.094405
0.871786 -0.092648 0.871786 -0.092648
0.888106 -0.090900 0.888106 -0.090900
0.904365 -0.089161 0.904365 -0.089161
0.920562 -0.087432 0.920562 -0.087432
0.936693 -0.085712 0.936693 -0.085712
0.952759 -0.084004 0.952759 -0.084004
0.968757 -0.082306 0.968757 -0.082306
0.984686 -0.080620 0.984686 -0.080620
1.000545 -0.078945 1.000545 -0.078945
1.016331 -0.077282 1.016331 -0.077282
1.032045 -0.075632 1.032045 -0.075632
1.047682 -0.073994 1.047682 -0.073994
1.063244 -0.072370 1.063244 -0.072370
1.078727 -0.070759 1.078727 -0.070759
1.094131 -0.069162 1.094131 -0.069162
1.109453 -0.067579 1.109453 -0.067579
1.124693 -0.066010 1.124693 -0.066010
1.139849 -0.064457 1.139849 -0.064457
1.154919 -0.062919 1.154919 -0.062919
1.169901 -0.061396 1.169901 -0.061396
1.184795 -0.059889 1.184795 -0.059889
1.199599 -0.058398 1.199599 -0.058398
1.214311 -0.056924 1.214311 -0.056924
1.228930 -0.055466 1.228930 -0.055466
1.243455 -0.054026 1.243455 -0.054026
1.257883 -0.052602 1.257883 -0.052602
1.272213 -0.051196 1.272213 -0.051196
1.286444 -0.049808 1.286444 -0.049808
1.300574 -0.048438 1.300574 -0.048438
1.314603 -0.047086 1.314603 -0.047086
1.328527 -0.045752 1.328527 -0.045752
1.342347 -0.044437 1.342347 -0.044437
1.356060 -0.043141 1.356060 -0.043141
1.369665 -0.041864 1.369665 -0.041864
1.383160 -0.040606 1.383160 -0.040606
1.396545 -0.039368 1.396545 -0.039368
1.409817 -0.038149 1.409817 -0.038149
1.422975 -0.036950 1.422975 -0.036950
1.436018 -0.035771 1.436018 -0.035771
1.448945 -0.034611 1.448945 -0.034611
1.461753 -0.033472 1.461753 -0.033472
1.474442 -0.032353 1.474442 -0.032353
1.487009 -0.031255 1.487009 -0.031255
1.499455 -0.030177 1.499455 -0.030177
1.511777 -0.029119 1.511777 -0.029119
1.523973 -0.028083 1.523973 -0.028083
1.536044 -0.027066 1.536044 -0.027066
1.547986 -0.026071 1.547986 -0.026071
1.559800 -0.025096 1.559800 -0.025096
1.571482 -0.024142 1.571482 -0.024142
1.583033 -0.023209 1.583033 -0.023209
1.594451 -0.022297 1.594451 -0.022297
1.605734 -0.021405 1.605734 -0.021405
1.616882 -0.020535 1.616882 -0.020535
1.627892 -0.019685 1.627892 -0.019685
1.638765 -0.018856 1.638765 -0.018856
1.649497 -0.018048 1.649497 -0.018048
1.660089 -0.017260 1.660089 -0.017260
1.670538 -0.016493 1.670538 -0.016493
1.680845 -0.015747 1.680845 -0.015747
1.691006 -0.015021 1.691006 -0.015021
1.701022 -0.014315 1.701022 -0.014315
1.710891 -0.013630 1.710891 -0.013630
1.720612 -0.012965 1.720612 -0.012965
1.730184 -0.012320 1.730184 -0.012320
1.739605 -0.011694 1.739605 -0.011694
1.748874 -0.011089 1.748874 -0.011089
1.757991 -0.010503 1.757991 -0.010503
1.766954 -0.009936 1.766954 -0.009936
1.775763 -0.009389 1.775763 -0.009389
1.784415 -0.008860 1.784415 -0.008860
1.792910 -0.008351 1.792910 -0.008351
1.801247 -0.007860 1.801247 -0.007860
1.809425 -0.007388 1.809425 -0.007388
1.817443 -0.006933 1.817443 -0.006933
1.825300 -0.006497 1.825300 -0.006497
1.832995 -0.006078 1.832995 -0.006078
1.840527 -0.005677 1.840527 -0.005677
1.847895 -0.005293 1.847895 -0.005293
1.855098 -0.004926 1.855098 -0.004926
1.862136 -0.004576 1.862136 -0.004576
1.869007 -0.004242 1.869007 -0.004242
1.875710 -0.003924 1.875710 -0.003924
1.882245 -0.003621 1.882245 -0.003621
1.888611 -0.003334 1.888611 -0.003334
1.894807 -0.003062 1.894807 -0.003062
1.900832 -0.002805 1.900832 -0.002805
1.906685 -0.002562 1.906685 -0.002562
1.912367 -0.002333 1.912367 -0.002333
1.917875 -0.002118 1.917875 -0.002118
1.923210 -0.001917 1.923210 -0.001917
1.928370 -0.001728 1.928370 -0.001728
1.933356 -0.001551 1.933356 -0.001551
1.938165 -0.001387 1.938165 -0.001387
1.942799 -0.001235 1.942799 -0.001235
1.947255 -0.001094 1.947255 -0.001094
1.951534 -0.000964 1.951534 -0.000964
1.955635 -0.000845 1.955635 -0.000845
1.959558 -0.000736 1.959558 -0.000736
1.963302 -0.000636 1.963302 -0.000636
1.966866 -0.000546 1.966866 -0.000546
1.970250 -0.000465 1.970250 -0.000465
1.973453 -0.000392 1.973453 -0.000392
1.976476 -0.000327 1.976476 -0.000327
1.979318 -0.000270 1.979318 -0.000270
1.981978 -0.000219 1.981978 -0.000219
1.984456 -0.000176 1.984456 -0.000176
1.986752 -0.000138 1.986752 -0.000138
1.988865 -0.000107 1.988865 -0.000107
1.990795 -0.000080 1.990795 -0.000080
1.992543 -0.000058 1.992543 -0.000058
1.994107 -0.000041 1.994107 -0.000041
1.995487 -0.000028 1.995487 -0.000028
1.996684 -0.000017 1.996684 -0.000017
1.997697 -0.000010 1.997697 -0.000010
1.998526 -0.000005 1.998526 -0.000005
1.999171 -0.000002 1.999171 -0.000002
1.999631 -0.000001 1.999631 -0.000001
1.999908 -0.000000 1.999908 -0.000000
2.000000 -0.000000 2.000000 -0.000000
