# Joukowski airfoil case 7
# a = 1, xi0 = -0.1, eta0 = 0.1, r = 1.10454
# x   y   x/a   y/a
1.990252 0.001874 1.990252 0.001874
1.988300 0.002258 1.988300 0.002258
1.986172 0.002680 1.986172 0.002680
1.983870 0.003138 1.983870 0.003138
1.981395 0.003634 1.981395 0.003634
1.978747 0.004168 1.978747 0.004168
1.975927 0.004739 1.975927 0.004739
1.972936 0.005347 1.972936 0.005347
1.969774 0.005994 1.969774 0.005994
1.966444 0.006678 1.966444 0.006678
1.962944 0.007401 1.962944 0.007401
1.959278 0.008162 1.959278 0.008162
1.955444 0.008961 1.955444 0.008961
1.951445 0.009798 1.951445 0.009798
1.947281 0.010673 1.947281 0.010673
1.942954 0.011587 1.942954 0.011587
1.938463 0.012538 1.938463 0.012538
1.933810 0.013528 1.933810 0.013528
1.928996 0.014556 1.928996 0.014556
1.924023 0.015623 1.924023 0.015623
1.918890 0.016727 1.918890 0.016727
1.913599 0.017869 1.913599 0.017869
1.908152 0.019049 1.908152 0.019049
1.902548 0.020267 1.902548 0.020267
1.896789 0.021522 1.896789 0.021522
1.890877 0.022815 1.890877 0.022815
1.884812 0.024145 1.884812 0.024145
1.878594 0.025512 1.878594 0.025512
1.872227 0.026916 1.872227 0.026916
1.865709 0.028357 1.865709 0.028357
1.859043 0.029834 1.859043 0.029834
1.852229 0.031348 1.852229 0.031348
1.845269 0.032898 1.845269 0.032898
1.838164 0.034483 1.838164 0.034483
1.830914 0.036104 1.830914 0.036104
1.823521 0.037760 1.823521 0.037760
1.815986 0.039451 1.815986 0.039451
1.808311 0.041177 1.808311 0.041177
1.800495 0.042937 1.800495 0.042937
1.792541 0.044731 1.792541 0.044731
1.784450 0.046558 1.784450 0.046558
1.776222 0.048419 1.776222 0.048419
1.767859 0.050313 1.767859 0.050313
1.759361 0.052239 1.759361 0.052239
1.750731 0.054198 1.750731 0.054198
1.741969 0.056188 1.741969 0.056188
1.733076 0.058210 1.733076 0.058210
1.724054 0.060262 1.724054 0.060262
1.714904 0.062345 1.714904 0.062345
1.705626 0.064458 1.705626 0.064458
1.696222 0.066601 1.696222 0.066601
1.686694 0.068773 1.686694 0.068773
1.677042 0.070973 1.677042 0.070973
1.667267 0.073202 1.667267 0.073202
1.657371 0.075459 1.657371 0.075459
1.647355 0.077742 1.647355 0.077742
1.637220 0.080053 1.637220 0.080053
1.626967 0.082390 1.626967 0.082390
1.616598 0.084752 1.616598 0.084752
1.606113 0.087140 1.606113 0.087140
1.595513 0.089552 1.595513 0.089552
1.584801 0.091988 1.584801 0.091988
1.573977 0.094448 1.573977 0.094448
1.563042 0.096931 1.563042 0.096931
1.551997 0.099437 1.551997 0.099437
1.540844 0.101964 1.540844 0.101964
1.529584 0.104513 1.529584 0.104513
1.518218 0.107083 1.518218 0.107083
1.506747 0.109672 1.506747 0.109672
1.495172 0.112282 1.495172 0.112282
1.483495 0.114910 1.483495 0.114910
1.471716 0.117557 1.471716 0.117557
1.459838 0.120221 1.459838 0.120221
1.447860 0.122903 1.447860 0.122903
1.435785 0.125601 1.435785 0.125601
1.423613 0.128316 1.423613 0.128316
1.411346 0.131045 1.411346 0.131045
1.398984 0.133790 1.398984 0.133790
1.386530 0.136548 1.386530 0.136548
1.373983 0.139320 1.373983 0.139320
1.361346 0.142105 1.361346 0.142105
1.348619 0.144902 1.348619 0.144902
1.335804 0.147711 1.335804 0.147711
1.322901 0.150531 1.322901 0.150531
1.309913 0.153361 1.309913 0.153361
1.296839 0.156200 1.296839 0.156200
1.283682 0.159049 1.283682 0.159049
1.270442 0.161906 1.270442 0.161906
1.257121 0.164771 1.257121 0.164771
1.243719 0.167643 1.243719 0.167643
1.230239 0.170521 1.230239 0.170521
1.216680 0.173405 1.216680 0.173405
1.203045 0.176294 1.203045 0.176294
1.189334 0.179188 1.189334 0.179188
1.175548 0.182086 1.175548 0.182086
1.161689 0.184986 1.161689 0.184986
1.147758 0.187890 1.147758 0.187890
1.133756 0.190795 1.133756 0.190795
1.119683 0.193701 1.119683 0.193701
1.105542 0.196608 1.105542 0.196608
1.091334 0.199515 1.091334 0.199515
1.077058 0.202421 1.077058 0.202421
1.062718 0.205326 1.062718 0.205326
1.048313 0.208229 1.048313 0.208229
1.033844 0.211129 1.033844 0.211129
1.019314 0.214026 1.019314 0.214026
1.004723 0.216919 1.004723 0.216919
0.990072 0.219807 0.990072 0.219807
0.975362 0.222691 0.975362 0.222691
0.960595 0.225568 0.960595 0.225568
0.945772 0.228439 0.945772 0.228439
0.930893 0.231303 0.930893 0.231303
0.915959 0.234159 0.915959 0.234159
0.900973 0.237006 0.900973 0.237006
0.885935 0.239845 0.885935 0.239845
0.870845 0.242674 0.870845 0.242674
0.855706 0.245493 0.855706 0.245493
0.840518 0.248301 0.840518 0.248301
0.825283 0.251098 0.825283 0.251098
0.810000 0.253883 0.810000 0.253883
0.794673 0.256655 0.794673 0.256655
0.779301 0.259413 0.779301 0.259413
0.763886 0.262158 0.763886 0.262158
0.748428 0.264889 0.748428 0.264889
0.732930 0.267604 0.732930 0.267604
0.717391 0.270304 0.717391 0.270304
0.701813 0.272988 0.701813 0.272988
0.686198 0.275655 0.686198 0.275655
0.670545 0.278305 0.670545 0.278305
0.654857 0.280937 0.654857 0.280937
0.639134 0.283550 0.639134 0.283550
0.623377 0.286145 0.623377 0.286145
0.607588 0.288720 0.607588 0.288720
0.591768 0.291274 0.591768 0.291274
0.575916 0.293809 0.575916 0.293809
0.560036 0.296322 0.560036 0.296322
0.544127 0.298813 0.544127 0.298813
0.528191 0.301282 0.528191 0.301282
0.512228 0.303729 0.512228 0.303729
0.496240 0.306152 0.496240 0.306152
0.480228 0.308552 0.480228 0.308552
0.464193 0.310927 0.464193 0.310927
0.448135 0.313278 0.448135 0.313278
0.432057 0.315603 0.432057 0.315603
0.415959 0.317903 0.415959 0.317903
0.399841 0.320176 0.399841 0.320176
0.383706 0.322423 0.383706 0.322423
0.367553 0.324643 0.367553 0.324643
0.351384 0.326835 0.351384 0.326835
0.335201 0.328999 0.335201 0.328999
0.319004 0.331134 0.319004 0.331134
0.302793 0.333241 0.302793 0.333241
0.286571 0.335319 0.286571 0.335319
0.270338 0.337366 0.270338 0.337366
0.254095 0.339384 0.254095 0.339384
0.237843 0.341370 0.237843 0.341370
0.221584 0.343326 0.221584 0.343326
0.205317 0.345251 0.205317 0.345251
0.189045 0.347143 0.189045 0.347143
0.172767 0.349003 0.172767 0.349003
0.156486 0.350831 0.156486 0.350831
0.140202 0.352626 0.140202 0.352626
0.123916 0.354388 0.123916 0.354388
0.107629 0.356115 0.107629 0.356115
0.091342 0.357809 0.091342 0.357809
0.075056 0.359469 0.075056 0.359469
0.058772 0.361093 0.058772 0.361093
0.042491 0.362683 0.042491 0.362683
0.026214 0.364238 0.026214 0.364238
0.009942 0.365756 0.009942 0.365756
-0.006324 0.367239 -0.006324 0.367239
-0.022584 0.368685 -0.022584 0.368685
-0.038835 0.370095 -0.038835 0.370095
-0.055078 0.371468 -0.055078 0.371468
-0.071311 0.372804 -0.071311 0.372804
-0.087533 0.374102 -0.087533 0.374102
-0.103744 0.375363 -0.103744 0.375363
-0.119942 0.376586 -0.119942 0.376586
-0.136126 0.377770 -0.136126 0.377770
-0.152296 0.378916 -0.152296 0.378916
-0.168451 0.380024 -0.168451 0.380024
-0.184589 0.381092 -0.184589 0.381092
-0.200709 0.382122 -0.200709 0.382122
-0.216812 0.383112 -0.216812 0.383112
-0.232895 0.384062 -0.232895 0.384062
-0.248959 0.384973 -0.248959 0.384973
-0.265001 0.385844 -0.265001 0.385844
-0.281021 0.386675 -0.281021 0.386675
-0.297018 0.387465 -0.297018 0.387465
-0.312992 0.388215 -0.312992 0.388215
-0.328940 0.388924 -0.328940 0.388924
-0.344863 0.389593 -0.344863 0.389593
-0.360760 0.390221 -0.360760 0.390221
-0.376629 0.390807 -0.376629 0.390807
-0.392469 0.391353 -0.392469 0.391353
-0.408281 0.391857 -0.408281 0.391857
-0.424062 0.392320 -0.424062 0.392320
-0.439812 0.392741 -0.439812 0.392741
-0.455530 0.393120 -0.455530 0.393120
-0.471215 0.393458 -0.471215 0.393458
-0.486866 0.393754 -0.486866 0.393754
-0.502483 0.394008 -0.502483 0.394008
-0.518064 0.394221 -0.518064 0.394221
-0.533609 0.394391 -0.533609 0.394391
-0.549116 0.394519 -0.549116 0.394519
-0.564585 0.394605 -0.564585 0.394605
-0.580015 0.394649 -0.580015 0.394649
-0.595405 0.394651 -0.595405 0.394651
-0.610755 0.394610 -0.610755 0.394610
-0.626062 0.394527 -0.626062 0.394527
-0.641327 0.394402 -0.641327 0.394402
-0.656549 0.394235 -0.656549 0.394235
-0.671727 0.394026 -0.671727 0.394026
-0.686859 0.393774 -0.686859 0.393774
-0.701945 0.393480 -0.701945 0.393480
-0.716985 0.393144 -0.716985 0.393144
-0.731977 0.392766 -0.731977 0.392766
-0.746920 0.392346 -0.746920 0.392346
-0.761814 0.391884 -0.761814 0.391884
-0.776658 0.391379 -0.776658 0.391379
-0.791450 0.390833 -0.791450 0.390833
-0.806191 0.390245 -0.806191 0.390245
-0.820880 0.389615 -0.820880 0.389615
-0.835514 0.388944 -0.835514 0.388944
-0.850095 0.388231 -0.850095 0.388231
-0.864620 0.387476 -0.864620 0.387476
-0.879089 0.386680 -0.879089 0.386680
-0.893502 0.385843 -0.893502 0.385843
-0.907857 0.384964 -0.907857 0.384964
-0.922153 0.384045 -0.922153 0.384045
-0.936391 0.383084 -0.936391 0.383084
-0.950568 0.382083 -0.950568 0.382083
-0.964684 0.381041 -0.964684 0.381041
-0.978739 0.379959 -0.978739 0.379959
-0.992732 0.378837 -0.992732 0.378837
-1.006661 0.377674 -1.006661 0.377674
-1.020527 0.376472 -1.020527 0.376472
-1.034328 0.375230 -1.034328 0.375230
-1.048063 0.373948 -1.048063 0.373948
-1.061732 0.372627 -1.061732 0.372627
-1.075334 0.371266 -1.075334 0.371266
-1.088868 0.369867 -1.088868 0.369867
-1.102334 0.368429 -1.102334 0.368429
-1.115730 0.366952 -1.115730 0.366952
-1.129056 0.365437 -1.129056 0.365437
-1.142311 0.363884 -1.142311 0.363884
-1.155495 0.362294 -1.155495 0.362294
-1.168606 0.360665 -1.168606 0.360665
-1.181645 0.359000 -1.181645 0.359000
-1.194609 0.357297 -1.194609 0.357297
-1.207499 0.355557 -1.207499 0.355557
-1.220314 0.353781 -1.220314 0.353781
-1.233053 0.351969 -1.233053 0.351969
-1.245715 0.350121 -1.245715 0.350121
-1.258299 0.348237 -1.258299 0.348237
-1.270805 0.346318 -1.270805 0.346318
-1.283233 0.344363 -1.283233 0.344363
-1.295581 0.342374 -1.295581 0.342374
-1.307848 0.340351 -1.307848 0.340351
-1.320035 0.338293 -1.320035 0.338293
-1.332140 0.336202 -1.332140 0.336202
-1.344162 0.334077 -1.344162 0.334077
-1.356102 0.331919 -1.356102 0.331919
-1.367958 0.329728 -1.367958 0.329728
-1.379729 0.327505 -1.379729 0.327505
-1.391415 0.325250 -1.391415 0.325250
-1.403015 0.322962 -1.403015 0.322962
-1.414529 0.320644 -1.414529 0.320644
-1.425956 0.318295 -1.425956 0.318295
-1.437295 0.315914 -1.437295 0.315914
-1.448546 0.313504 -1.448546 0.313504
-1.459707 0.311064 -1.459707 0.311064
-1.470779 0.308594 -1.470779 0.308594
-1.481760 0.306096 -1.481760 0.306096
-1.492651 0.303568 -1.492651 0.303568
-1.503449 0.301013 -1.503449 0.301013
-1.514156 0.298429 -1.514156 0.298429
-1.524769 0.295818 -1.524769 0.295818
-1.535289 0.293180 -1.535289 0.293180
-1.545715 0.290515 -1.545715 0.290515
-1.556046 0.287824 -1.556046 0.287824
-1.566281 0.285108 -1.566281 0.285108
-1.576421 0.282366 -1.576421 0.282366
-1.586464 0.279599 -1.586464 0.279599
-1.596409 0.276808 -1.596409 0.276808
-1.606257 0.273993 -1.606257 0.273993
-1.616006 0.271154 -1.616006 0.271154
-1.625657 0.268292 -1.625657 0.268292
-1.635208 0.265407 -1.635208 0.265407
-1.644659 0.262501 -1.644659 0.262501
-1.654009 0.259573 -1.654009 0.259573
-1.663257 0.256623 -1.663257 0.256623
-1.672404 0.253653 -1.672404 0.253653
-1.681449 0.250662 -1.681449 0.250662
-1.690390 0.247652 -1.690390 0.247652
-1.699228 0.244622 -1.699228 0.244622
-1.707962 0.241574 -1.707962 0.241574
-1.716592 0.238507 -1.716592 0.238507
-1.725116 0.235423 -1.725116 0.235423
-1.733534 0.232321 -1.733534 0.232321
-1.741847 0.229202 -1.741847 0.229202
-1.750052 0.226067 -1.750052 0.226067
-1.758150 0.222917 -1.758150 0.222917
-1.766141 0.219750 -1.766141 0.219750
-1.774023 0.216570 -1.774023 0.216570
-1.781797 0.213375 -1.781797 0.213375
-1.789461 0.210166 -1.789461 0.210166
-1.797015 0.206944 -1.797015 0.206944
-1.804459 0.203709 -1.804459 0.203709
-1.811793 0.200462 -1.811793 0.200462
-1.819015 0.197204 -1.819015 0.197204
-1.826125 0.193934 -1.826125 0.193934
-1.833124 0.190654 -1.833124 0.190654
-1.840009 0.187364 -1.840009 0.187364
-1.846782 0.184064 -1.846782 0.184064
-1.853441 0.180755 -1.853441 0.180755
-1.859986 0.177438 -1.859986 0.177438
-1.866416 0.174113 -1.866416 0.174113
-1.872731 0.170781 -1.872731 0.170781
-1.878931 0.167442 -1.878931 0.167442
-1.885016 0.164097 -1.885016 0.164097
-1.890984 0.160746 -1.890984 0.160746
-1.896835 0.157390 -1.896835 0.157390
-1.902570 0.154029 -1.902570 0.154029
-1.908186 0.150664 -1.908186 0.150664
-1.913685 0.147296 -1.913685 0.147296
-1.919066 0.143925 -1.919066 0.143925
-1.924328 0.140552 -1.924328 0.140552
-1.929471 0.137176 -1.929471 0.137176
-1.934494 0.133800 -1.934494 0.133800
-1.939397 0.130423 -1.939397 0.130423
-1.944181 0.127045 -1.944181 0.127045
-1.948843 0.123668 -1.948843 0.123668
-1.953385 0.120292 -1.953385 0.120292
-1.957805 0.116918 -1.957805 0.116918
-1.962103 0.113546 -1.962103 0.113546
-1.966280 0.110176 -1.966280 0.110176
-1.970334 0.106810 -1.970334 0.106810
-1.974265 0.103447 -1.974265 0.103447
-1.978073 0.100089 -1.978073 0.100089
-1.981757 0.096735 -1.981757 0.096735
-1.985318 0.093387 -1.985318 0.093387
-1.988754 0.090045 -1.988754 0.090045
-1.992067 0.086710 -1.992067 0.086710
-1.995254 0.083382 -1.995254 0.083382
-1.998316 0.080061 -1.998316 0.080061
-2.001253 0.076749 -2.001253 0.076749
-2.004065 0.073445 -2.004065 0.073445
-2.006750 0.070151 -2.006750 0.070151
-2.009309 0.066867 -2.009309 0.066867
-2.011742 0.063593 -2.011742 0.063593
-2.014047 0.060330 -2.014047 0.060330
-2.016226 0.057079 -2.016226 0.057079
-2.018277 0.053840 -2.018277 0.053840
-2.020201 0.050613 -2.020201 0.050613
-2.021997 0.047400 -2.021997 0.047400
-2.023664 0.044200 -2.023664 0.044200
-2.025204 0.041015 -2.025204 0.041015
-2.026614 0.037844 -2.026614 0.037844
-2.027896 0.034689 -2.027896 0.034689
-2.029048 0.031549 -2.029048 0.031549
-2.030072 0.028426 -2.030072 0.028426
-2.030966 0.025320 -2.030966 0.025320
-2.031730 0.022231 -2.031730 0.022231
-2.032364 0.019161 -2.032364 0.019161
-2.032867 0.016108 -2.032867 0.016108
-2.033241 0.013075 -2.033241 0.013075
-2.033484 0.010061 -2.033484 0.010061
-2.033596 0.007068 -2.033596 0.007068
-2.033577 0.004094 -2.033577 0.004094
-2.033427 0.001142 -2.033427 0.001142
-2.033146 -0.001788 -2.033146 -0.001788
-2.032733 -0.004697 -2.032733 -0.004697
-2.032189 -0.007583 -2.032189 -0.007583
-2.031513 -0.010446 -2.031513 -0.010446
-2.030705 -0.013286 -2.030705 -0.013286
-2.029764 -0.016102 -2.029764 -0.016102
-2.028692 -0.018893 -2.028692 -0.018893
-2.027487 -0.021659 -2.027487 -0.021659
-2.026150 -0.024400 -2.026150 -0.024400
-2.024680 -0.027115 -2.024680 -0.027115
-2.023078 -0.029804 -2.023078 -0.029804
-2.021342 -0.032466 -2.021342 -0.032466
-2.019474 -0.035101 -2.019474 -0.035101
-2.017473 -0.037708 -2.017473 -0.037708
-2.015338 -0.040287 -2.015338 -0.040287
-2.013070 -0.042838 -2.013070 -0.042838
-2.010669 -0.045359 -2.010669 -0.045359
-2.008135 -0.047852 -2.008135 -0.047852
-2.005467 -0.050314 -2.005467 -0.050314
-2.002665 -0.052746 -2.002665 -0.052746
-1.999730 -0.055148 -1.999730 -0.055148
-1.996662 -0.057518 -1.996662 -0.057518
-1.993459 -0.059857 -1.993459 -0.059857
-1.990123 -0.062165 -1.990123 -0.062165
-1.986654 -0.064440 -1.986654 -0.064440
-1.983050 -0.066682 -1.983050 -0.066682
-1.979313 -0.068892 -1.979313 -0.068892
-1.975441 -0.071068 -1.975441 -0.071068
-1.971436 -0.073211 -1.971436 -0.073211
-1.967297 -0.075319 -1.967297 -0.075319
-1.963024 -0.077393 -1.963024 -0.077393
-1.958618 -0.079433 -1.958618 -0.079433
-1.954077 -0.081437 -1.954077 -0.081437
-1.949403 -0.083406 -1.949403 -0.083406
-1.944595 -0.085340 -1.944595 -0.085340
-1.939653 -0.087237 -1.939653 -0.087237
-1.934578 -0.089098 -1.934578 -0.089098
-1.929368 -0.090922 -1.929368 -0.090922
-1.924026 -0.092710 -1.924026 -0.092710
-1.918549 -0.094460 -1.918549 -0.094460
-1.912939 -0.096173 -1.912939 -0.096173
-1.907196 -0.097848 -1.907196 -0.097848
-1.901320 -0.099486 -1.901320 -0.099486
-1.895310 -0.101085 -1.895310 -0.101085
-1.889167 -0.102645 -1.889167 -0.102645
-1.882891 -0.104167 -1.882891 -0.104167
-1.876482 -0.105650 -1.876482 -0.105650
-1.869940 -0.107094 -1.869940 -0.107094
-1.863265 -0.108498 -1.863265 -0.108498
-1.856458 -0.109863 -1.856458 -0.109863
-1.849518 -0.111188 -1.849518 -0.111188
-1.842447 -0.112474 -1.842447 -0.112474
-1.835242 -0.113719 -1.835242 -0.113719
-1.827906 -0.114924 -1.827906 -0.114924
-1.820438 -0.116088 -1.820438 -0.116088
-1.812839 -0.117212 -1.812839 -0.117212
-1.805108 -0.118296 -1.805108 -0.118296
-1.797245 -0.119338 -1.797245 -0.119338
-1.789252 -0.120340 -1.789252 -0.120340
-1.781127 -0.121300 -1.781127 -0.121300
-1.772872 -0.122219 -1.772872 -0.122219
-1.764486 -0.123098 -1.764486 -0.123098
-1.755970 -0.123934 -1.755970 -0.123934
-1.747325 -0.124730 -1.747325 -0.124730
-1.738549 -0.125484 -1.738549 -0.125484
-1.729644 -0.126196 -1.729644 -0.126196
-1.720609 -0.126867 -1.720609 -0.126867
-1.711445 -0.127497 -1.711445 -0.127497
-1.702153 -0.128084 -1.702153 -0.128084
-1.692732 -0.128631 -1.692732 -0.128631
-1.683184 -0.129135 -1.683184 -0.129135
-1.673507 -0.129598 -1.673507 -0.129598
-1.663703 -0.130020 -1.663703 -0.130020
-1.653771 -0.130400 -1.653771 -0.130400
-1.643713 -0.130739 -1.643713 -0.130739
-1.633528 -0.131036 -1.633528 -0.131036
-1.623216 -0.131291 -1.623216 -0.131291
-1.612779 -0.131506 -1.612779 -0.131506
-1.602217 -0.131679 -1.602217 -0.131679
-1.591529 -0.131811 -1.591529 -0.131811
-1.580717 -0.131902 -1.580717 -0.131902
-1.569780 -0.131953 -1.569780 -0.131953
-1.558719 -0.131962 -1.558719 -0.131962
-1.547535 -0.131931 -1.547535 -0.131931
-1.536227 -0.131860 -1.536227 -0.131860
-1.524797 -0.131748 -1.524797 -0.131748
-1.513245 -0.131596 -1.513245 -0.131596
-1.501571 -0.131404 -1.501571 -0.131404
-1.489775 -0.131173 -1.489775 -0.131173
-1.477859 -0.130902 -1.477859 -0.130902
-1.465822 -0.130591 -1.465822 -0.130591
-1.453666 -0.130242 -1.453666 -0.130242
-1.441390 -0.129854 -1.441390 -0.129854
-1.428995 -0.129427 -1.428995 -0.129427
-1.416482 -0.128962 -1.416482 -0.128962
-1.403851 -0.128459 -1.403851 -0.128459
-1.391103 -0.127918 -1.391103 -0.127918
-1.378239 -0.127339 -1.378239 -0.127339
-1.365258 -0.126724 -1.365258 -0.126724
-1.352162 -0.126071 -1.352162 -0.126071
-1.338951 -0.125382 -1.338951 -0.125382
-1.325625 -0.124657 -1.325625 -0.124657
-1.312186 -0.123896 -1.312186 -0.123896
-1.298634 -0.123100 -1.298634 -0.123100
-1.284969 -0.122269 -1.284969 -0.122269
-1.271193 -0.121402 -1.271193 -0.121402
-1.257306 -0.120502 -1.257306 -0.120502
-1.243308 -0.119568 -1.243308 -0.119568
-1.229200 -0.118600 -1.229200 -0.118600
-1.214984 -0.117599 -1.214984 -0.117599
-1.200660 -0.116566 -1.200660 -0.116566
-1.186227 -0.115501 -1.186227 -0.115501
-1.171689 -0.114403 -1.171689 -0.114403
-1.157044 -0.113275 -1.157044 -0.113275
-1.142294 -0.112116 -1.142294 -0.112116
-1.127439 -0.110926 -1.127439 -0.110926
-1.112481 -0.109707 -1.112481 -0.109707
-1.097420 -0.108459 -1.097420 -0.108459
-1.082257 -0.107182 -1.082257 -0.107182
-1.066993 -0.105877 -1.066993 -0.105877
-1.051629 -0.104544 -1.051629 -0.104544
-1.036166 -0.103184 -1.036166 -0.103184
-1.020603 -0.101798 -1.020603 -0.101798
-1.004944 -0.100385 -1.004944 -0.100385
-0.989187 -0.098948 -0.989187 -0.098948
-0.973335 -0.097485 -0.973335 -0.097485
-0.957388 -0.095998 -0.957388 -0.095998
-0.941348 -0.094488 -0.941348 -0.094488
-0.925214 -0.092955 -0.925214 -0.092955
-0.908989 -0.091399 -0.908989 -0.091399
-0.892673 -0.089822 -0.892673 -0.089822
-0.876267 -0.088223 -0.876267 -0.088223
-0.859772 -0.086605 -0.859772 -0.086605
-0.843190 -0.084966 -0.843190 -0.084966
-0.826521 -0.083308 -0.826521 -0.083308
-0.809766 -0.081632 -0.809766 -0.081632
-0.792927 -0.079938 -0.792927 -0.079938
-0.776005 -0.078227 -0.776005 -0.078227
-0.759001 -0.076500 -0.759001 -0.076500
-0.741916 -0.074757 -0.741916 -0.074757
-0.724750 -0.072999 -0.724750 -0.072999
-0.707507 -0.071227 -0.707507 -0.071227
-0.690185 -0.069441 -0.690185 -0.069441
-0.672788 -0.067642 -0.672788 -0.067642
-0.655316 -0.065831 -0.655316 -0.065831
-0.637770 -0.064009 -0.637770 -0.064009
-0.620151 -0.062176 -0.620151 -0.062176
-0.602462 -0.060334 -0.602462 -0.060334
-0.584702 -0.058482 -0.584702 -0.058482
-0.566874 -0.056621 -0.566874 -0.056621
-0.548979 -0.054753 -0.548979 -0.054753
-0.531019 -0.052878 -0.531019 -0.052878
-0.512993 -0.050997 -0.512993 -0.050997
-0.494905 -0.049111 -0.494905 -0.049111
-0.476755 -0.047220 -0.476755 -0.047220
-0.458545 -0.045325 -0.458545 -0.045325
-0.440276 -0.043427 -0.440276 -0.043427
-0.421950 -0.041526 -0.421950 -0.041526
-0.403568 -0.039624 -0.403568 -0.039624
-0.385132 -0.037722 -0.385132 -0.037722
-0.366643 -0.035819 -0.366643 -0.035819
-0.348103 -0.033917 -0.348103 -0.033917
-0.329513 -0.032016 -0.329513 -0.032016
-0.310875 -0.030118 -0.310875 -0.030118
-0.292191 -0.028223 -0.292191 -0.028223
-0.273461 -0.026332 -0.273461 -0.026332
-0.254689 -0.024445 -0.254689 -0.024445
-0.235874 -0.022564 -0.235874 -0.022564
-0.217019 -0.020688 -0.217019 -0.020688
-0.198126 -0.018820 -0.198126 -0.018820
-0.179197 -0.016959 -0.179197 -0.016959
-0.160232 -0.015107 -0.160232 -0.015107
-0.141234 -0.013264 -0.141234 -0.013264
-0.122205 -0.011431 -0.122205 -0.011431
-0.103145 -0.009608 -0.103145 -0.009608
-0.084058 -0.007797 -0.084058 -0.007797
-0.064945 -0.005998 -0.064945 -0.005998
-0.045806 -0.004211 -0.045806 -0.004211
-0.026646 -0.002438 -0.026646 -0.002438
-0.007464 -0.000680 -0.007464 -0.000680
0.011736 0.001064 0.011736 0.001064
0.030954 0.002792 0.030954 0.002792
0.050187 0.004503 0.050187 0.004503
0.069433 0.006198 0.069433 0.006198
0.088691 0.007875 0.088691 0.007875
0.107959 0.009533 0.107959 0.009533
0.127234 0.011173 0.127234 0.011173
0.146515 0.012793 0.146515 0.012793
0.165799 0.014392 0.165799 0.014392
0.185086 0.015971 0.185086 0.015971
0.204372 0.017528 0.204372 0.017528
0.223656 0.019062 0.223656 0.019062
0.242936 0.020575 0.242936 0.020575
0.262210 0.022063 0.262210 0.022063
0.281475 0.023528 0.281475 0.023528
0.300730 0.024969 0.300730 0.024969
0.319973 0.026384 0.319973 0.026384
0.339202 0.027774 0.339202 0.027774
0.358414 0.029138 0.358414 0.029138
0.377608 0.030475 0.377608 0.030475
0.396782 0.031785 0.396782 0.031785
0.415932 0.033068 0.415932 0.033068
0.435058 0.034322 0.435058 0.034322
0.454158 0.035549 0.454158 0.035549
0.473228 0.036746 0.473228 0.036746
0.492267 0.037914 0.492267 0.037914
0.511273 0.039052 0.511273 0.039052
0.530244 0.040161 0.530244 0.040161
0.549177 0.041239 0.549177 0.041239
0.568070 0.042286 0.568070 0.042286
0.586922 0.043302 0.586922 0.043302
0.605730 0.044287 0.605730 0.044287
0.624492 0.045240 0.624492 0.045240
0.643206 0.046160 0.643206 0.046160
0.661869 0.047049 0.661869 0.047049
0.680480 0.047905 0.680480 0.047905
0.699037 0.048729 0.699037 0.048729
0.717536 0.049519 0.717536 0.049519
0.735976 0.050277 0.735976 0.050277
0.754356 0.051001 0.754356 0.051001
0.772671 0.051691 0.772671 0.051691
0.790922 0.052349 0.790922 0.052349
0.809105 0.052972 0.809105 0.052972
0.827218 0.053562 0.827218 0.053562
0.845259 0.054117 0.845259 0.054117
0.863225 0.054639 0.863225 0.054639
0.881116 0.055127 0.881116 0.055127
0.898928 0.055581 0.898928 0.055581
0.916660 0.056002 0.916660 0.056002
0.934309 0.056388 0.934309 0.056388
0.951874 0.056740 0.951874 0.056740
0.969351 0.057059 0.969351 0.057059
0.986740 0.057344 0.986740 0.057344
1.004037 0.057595 1.004037 0.057595
1.021241 0.057813 1.021241 0.057813
1.038350 0.057998 1.038350 0.057998
1.055362 0.058149 1.055362 0.058149
1.072274 0.058268 1.072274 0.058268
1.089085 0.058353 1.089085 0.058353
1.105793 0.058407 1.105793 0.058407
1.122395 0.058428 1.122395 0.058428
1.138889 0.058417 1.138889 0.058417
1.155274 0.058374 1.155274 0.058374
1.171548 0.058300 1.171548 0.058300
1.187708 0.058194 1.187708 0.058194
1.203753 0.058059 1.203753 0.058059
1.219680 0.057892 1.219680 0.057892
1.235488 0.057696 1.235488 0.057696
1.251175 0.057470 1.251175 0.057470
1.266739 0.057215 1.266739 0.057215
1.282178 0.056931 1.282178 0.056931
1.297491 0.056619 1.297491 0.056619
1.312675 0.056279 1.312675 0.056279
1.327728 0.055911 1.327728 0.055911
1.342649 0.055517 1.342649 0.055517
1.357437 0.055097 1.357437 0.055097
1.372088 0.054650 1.372088 0.054650
1.386603 0.054179 1.386603 0.054179
1.400978 0.053683 1.400978 0.053683
1.415212 0.053163 1.415212 0.053163
1.429304 0.052619 1.429304 0.052619
1.443252 0.052052 1.443252 0.052052
1.457055 0.051463 1.457055 0.051463
1.470710 0.050853 1.470710 0.050853
1.484216 0.050222 1.484216 0.050222
1.497572 0.049570 1.497572 0.049570
1.510776 0.048899 1.510776 0.048899
1.523827 0.048209 1.523827 0.048209
1.536723 0.047501 1.536723 0.047501
1.549462 0.046775 1.549462 0.046775
1.562044 0.046033 1.562044 0.046033
1.574467 0.045274 1.574467 0.045274
1.586730 0.044500 1.586730 0.044500
1.598831 0.043712 1.598831 0.043712
1.610769 0.042910 1.610769 0.042910
1.622543 0.042095 1.622543 0.042095
1.634152 0.041268 1.634152 0.041268
1.645594 0.040429 1.645594 0.040429
1.656868 0.039580 1.656868 0.039580
1.667973 0.038721 1.667973 0.038721
1.678908 0.037853 1.678908 0.037853
1.689672 0.036977 1.689672 0.036977
1.700263 0.036093 1.700263 0.036093
1.710682 0.035203 1.710682 0.035203
1.720926 0.034308 1.720926 0.034308
1.730995 0.033407 1.730995 0.033407
1.740888 0.032503 1.740888 0.032503
1.750603 0.031595 1.750603 0.031595
1.760141 0.030685 1.760141 0.030685
1.769501 0.029773 1.769501 0.029773
1.778680 0.028861 1.778680 0.028861
1.787680 0.027949 1.787680 0.027949
1.796498 0.027038 1.796498 0.027038
1.805134 0.026129 1.805134 0.026129
1.813588 0.025222 1.813588 0.025222
1.821859 0.024320 1.821859 0.024320
1.829947 0.023421 1.829947 0.023421
1.837849 0.022528 1.837849 0.022528
1.845567 0.021641 1.845567 0.021641
1.853100 0.020761 1.853100 0.020761
1.860447 0.019889 1.860447 0.019889
1.867607 0.019025 1.867607 0.019025
1.874581 0.018171 1.874581 0.018171
1.881367 0.017327 1.881367 0.017327
1.887966 0.016494 1.887966 0.016494
1.894377 0.015673 1.894377 0.015673
1.900599 0.014865 1.900599 0.014865
1.906633 0.014070 1.906633 0.014070
1.912478 0.013289 1.912478 0.013289
1.918135 0.012523 1.918135 0.012523
1.923602 0.011773 1.923602 0.011773
1.928880 0.011040 1.928880 0.011040
1.933968 0.010324 1.933968 0.010324
1.938867 0.009626 1.938867 0.009626
1.943576 0.008947 1.943576 0.008947
1.948095 0.008287 1.948095 0.008287
1.952424 0.007648 1.952424 0.007648
1.956564 0.007030 1.956564 0.007030
1.960514 0.006433 1.960514 0.006433
1.964275 0.005858 1.964275 0.005858
1.967846 0.005307 1.967846 0.005307
1.971227 0.004779 1.971227 0.004779
1.974419 0.004276 1.974419 0.004276
1.977422 0.003797 1.977422 0.003797
1.980236 0.003344 1.980236 0.003344
1.982862 0.002918 1.982862 0.002918
1.985299 0.002518 1.985299 0.002518
1.987548 0.002145 1.987548 0.002145
1.989609 0.001800 1.989609 0.001800
1.991482 0.001484 1.991482 0.001484
1.993168 0.001197 1.993168 0.001197
1.994667 0.000940 1.994667 0.000940
1.995980 0.000712 1.995980 0.000712
1.997107 0.000515 1.997107 0.000515
1.998048 0.000350 1.998048 0.000350
1.998804 0.000215 1.998804 0.000215
1.999375 0.000113 1.999375 0.000113
1.999762 0.000043 1.999762 0.000043
1.999966 0.000006 1.999966 0.000006
1.999986 0.000003 1.999986 0.000003
1.999824 0.000032 1.999824 0.000032
1.999480 0.000096 1.999480 0.000096
1.998954 0.000195 1.998954 0.000195
1.998248 0.000328 1.998248 0.000328
1.997362 0.000496 1.997362 0.000496
1.996296 0.000700 1.996296 0.000700
1.995051 0.000939 1.995051 0.000939
1.993629 0.001214 1.993629 0.001214
1.992029 0.001526 1.992029 0.001526
1.990252 0.001874 1.990252 0.001874
