# Joukowski airfoil case 9
# a = 1, xi0 = -0.1, eta0 = 0.3, r = 1.14018
# x   y   x/a   y/a
1.927724 0.044020 1.927724 0.044020
1.923139 0.046822 1.923139 0.046822
1.918427 0.049700 1.918427 0.049700
1.913589 0.052653 1.913589 0.052653
1.908627 0.055680 1.908627 0.055680
1.903542 0.058779 1.903542 0.058779
1.898334 0.061950 1.898334 0.061950
1.893005 0.065192 1.893005 0.065192
1.887556 0.068502 1.887556 0.068502
1.881988 0.071881 1.881988 0.071881
1.876302 0.075327 1.876302 0.075327
1.870499 0.078838 1.870499 0.078838
1.864580 0.082414 1.864580 0.082414
1.858546 0.086054 1.858546 0.086054
1.852398 0.089756 1.852398 0.089756
1.846138 0.093519 1.846138 0.093519
1.839765 0.097342 1.839765 0.097342
1.833282 0.101224 1.833282 0.101224
1.826689 0.105164 1.826689 0.105164
1.819986 0.109160 1.819986 0.109160
1.813176 0.113211 1.813176 0.113211
1.806259 0.117316 1.806259 0.117316
1.799235 0.121474 1.799235 0.121474
1.792106 0.125683 1.792106 0.125683
1.784873 0.129943 1.784873 0.129943
1.777537 0.134252 1.777537 0.134252
1.770098 0.138609 1.770098 0.138609
1.762557 0.143013 1.762557 0.143013
1.754915 0.147462 1.754915 0.147462
1.747173 0.151956 1.747173 0.151956
1.739333 0.156492 1.739333 0.156492
1.731394 0.161071 1.731394 0.161071
1.723357 0.165691 1.723357 0.165691
1.715224 0.170350 1.715224 0.170350
1.706995 0.175047 1.706995 0.175047
1.698672 0.179782 1.698672 0.179782
1.690254 0.184552 1.690254 0.184552
1.681742 0.189357 1.681742 0.189357
1.673138 0.194196 1.673138 0.194196
1.664443 0.199067 1.664443 0.199067
1.655656 0.203969 1.655656 0.203969
1.646779 0.208901 1.646779 0.208901
1.637813 0.213862 1.637813 0.213862
1.628758 0.218851 1.628758 0.218851
1.619615 0.223866 1.619615 0.223866
1.610385 0.228907 1.610385 0.228907
1.601068 0.233971 1.601068 0.233971
1.591665 0.239059 1.591665 0.239059
1.582178 0.244168 1.582178 0.244168
1.572607 0.249298 1.572607 0.249298
1.562951 0.254447 1.562951 0.254447
1.553213 0.259615 1.553213 0.259615
1.543393 0.264800 1.543393 0.264800
1.533492 0.270001 1.533492 0.270001
1.523510 0.275218 1.523510 0.275218
1.513448 0.280448 1.513448 0.280448
1.503307 0.285690 1.503307 0.285690
1.493087 0.290945 1.493087 0.290945
1.482790 0.296210 1.482790 0.296210
1.472415 0.301484 1.472415 0.301484
1.461964 0.306767 1.461964 0.306767
1.451437 0.312057 1.451437 0.312057
1.440835 0.317353 1.440835 0.317353
1.430158 0.322654 1.430158 0.322654
1.419408 0.327960 1.419408 0.327960
1.408585 0.333268 1.408585 0.333268
1.397690 0.338578 1.397690 0.338578
1.386722 0.343889 1.386722 0.343889
1.375684 0.349200 1.375684 0.349200
1.364576 0.354510 1.364576 0.354510
1.353398 0.359818 1.353398 0.359818
1.342150 0.365122 1.342150 0.365122
1.330835 0.370423 1.330835 0.370423
1.319452 0.375718 1.319452 0.375718
1.308001 0.381007 1.308001 0.381007
1.296485 0.386288 1.296485 0.386288
1.284903 0.391562 1.284903 0.391562
1.273256 0.396826 1.273256 0.396826
1.261544 0.402080 1.261544 0.402080
1.249769 0.407323 1.249769 0.407323
1.237931 0.412554 1.237931 0.412554
1.226030 0.417772 1.226030 0.417772
1.214068 0.422977 1.214068 0.422977
1.202045 0.428166 1.202045 0.428166
1.189961 0.433340 1.189961 0.433340
1.177818 0.438497 1.177818 0.438497
1.165615 0.443636 1.165615 0.443636
1.153355 0.448757 1.153355 0.448757
1.141036 0.453859 1.141036 0.453859
1.128661 0.458941 1.128661 0.458941
1.116229 0.464001 1.116229 0.464001
1.103741 0.469040 1.103741 0.469040
1.091198 0.474055 1.091198 0.474055
1.078601 0.479048 1.078601 0.479048
1.065950 0.484015 1.065950 0.484015
1.053246 0.488958 1.053246 0.488958
1.040489 0.493874 1.040489 0.493874
1.027681 0.498763 1.027681 0.498763
1.014821 0.503625 1.014821 0.503625
1.001911 0.508458 1.001911 0.508458
0.988952 0.513262 0.988952 0.513262
0.975943 0.518035 0.975943 0.518035
0.962886 0.522778 0.962886 0.522778
0.949781 0.527490 0.949781 0.527490
0.936629 0.532169 0.936629 0.532169
0.923431 0.536814 0.923431 0.536814
0.910186 0.541426 0.910186 0.541426
0.896897 0.546004 0.896897 0.546004
0.883563 0.550546 0.883563 0.550546
0.870186 0.555052 0.870186 0.555052
0.856766 0.559522 0.856766 0.559522
0.843303 0.563954 0.843303 0.563954
0.829798 0.568348 0.829798 0.568348
0.816253 0.572703 0.816253 0.572703
0.802667 0.577019 0.802667 0.577019
0.789041 0.581295 0.789041 0.581295
0.775377 0.585531 0.775377 0.585531
0.761674 0.589724 0.761674 0.589724
0.747934 0.593876 0.747934 0.593876
0.734156 0.597986 0.734156 0.597986
0.720343 0.602052 0.720343 0.602052
0.706494 0.606074 0.706494 0.606074
0.692610 0.610052 0.692610 0.610052
0.678692 0.613985 0.678692 0.613985
0.664740 0.617873 0.664740 0.617873
0.650756 0.621714 0.650756 0.621714
0.636740 0.625509 0.636740 0.625509
0.622692 0.629256 0.622692 0.629256
0.608614 0.632956 0.608614 0.632956
0.594505 0.636608 0.594505 0.636608
0.580368 0.640210 0.580368 0.640210
0.566202 0.643763 0.566202 0.643763
0.552008 0.647267 0.552008 0.647267
0.537786 0.650720 0.537786 0.650720
0.523539 0.654122 0.523539 0.654122
0.509265 0.657473 0.509265 0.657473
0.494967 0.660772 0.494967 0.660772
0.480644 0.664019 0.480644 0.664019
0.466298 0.667214 0.466298 0.667214
0.451929 0.670355 0.451929 0.670355
0.437538 0.673442 0.437538 0.673442
0.423125 0.676476 0.423125 0.676476
0.408691 0.679455 0.408691 0.679455
0.394238 0.682380 0.394238 0.682380
0.379765 0.685249 0.379765 0.685249
0.365273 0.688063 0.365273 0.688063
0.350764 0.690820 0.350764 0.690820
0.336237 0.693522 0.336237 0.693522
0.321694 0.696166 0.321694 0.696166
0.307136 0.698754 0.307136 0.698754
0.292562 0.701284 0.292562 0.701284
0.277974 0.703756 0.277974 0.703756
0.263373 0.706170 0.263373 0.706170
0.248759 0.708526 0.248759 0.708526
0.234132 0.710824 0.234132 0.710824
0.219495 0.713062 0.219495 0.713062
0.204847 0.715241 0.204847 0.715241
0.190189 0.717360 0.190189 0.717360
0.175521 0.719420 0.175521 0.719420
0.160846 0.721419 0.160846 0.721419
0.146162 0.723358 0.146162 0.723358
0.131472 0.725237 0.131472 0.725237
0.116776 0.727054 0.116776 0.727054
0.102074 0.728811 0.102074 0.728811
0.087367 0.730506 0.087367 0.730506
0.072656 0.732140 0.072656 0.732140
0.057942 0.733712 0.057942 0.733712
0.043226 0.735222 0.043226 0.735222
0.028508 0.736670 0.028508 0.736670
0.013788 0.738056 0.013788 0.738056
-0.000931 0.739379 -0.000931 0.739379
-0.015651 0.740640 -0.015651 0.740640
-0.030369 0.741837 -0.030369 0.741837
-0.045085 0.742973 -0.045085 0.742973
-0.059798 0.744045 -0.059798 0.744045
-0.074508 0.745054 -0.074508 0.745054
-0.089214 0.745999 -0.089214 0.745999
-0.103915 0.746881 -0.103915 0.746881
-0.118611 0.747700 -0.118611 0.747700
-0.133300 0.748456 -0.133300 0.748456
-0.147982 0.749147 -0.147982 0.749147
-0.162656 0.749775 -0.162656 0.749775
-0.177322 0.750339 -0.177322 0.750339
-0.191978 0.750840 -0.191978 0.750840
-0.206625 0.751276 -0.206625 0.751276
-0.221260 0.751649 -0.221260 0.751649
-0.235884 0.751958 -0.235884 0.751958
-0.250496 0.752202 -0.250496 0.752202
-0.265095 0.752383 -0.265095 0.752383
-0.279680 0.752500 -0.279680 0.752500
-0.294250 0.752553 -0.294250 0.752553
-0.308805 0.752542 -0.308805 0.752542
-0.323345 0.752467 -0.323345 0.752467
-0.337867 0.752328 -0.337867 0.752328
-0.352372 0.752125 -0.352372 0.752125
-0.366859 0.751859 -0.366859 0.751859
-0.381327 0.751528 -0.381327 0.751528
-0.395776 0.751135 -0.395776 0.751135
-0.410204 0.750677 -0.410204 0.750677
-0.424610 0.750156 -0.424610 0.750156
-0.438995 0.749572 -0.438995 0.749572
-0.453358 0.748924 -0.453358 0.748924
-0.467697 0.748213 -0.467697 0.748213
-0.482012 0.747439 -0.482012 0.747439
-0.496302 0.746602 -0.496302 0.746602
-0.510567 0.745702 -0.510567 0.745702
-0.524806 0.744739 -0.524806 0.744739
-0.539017 0.743714 -0.539017 0.743714
-0.553201 0.742626 -0.553201 0.742626
-0.567357 0.741477 -0.567357 0.741477
-0.581483 0.740265 -0.581483 0.740265
-0.595579 0.738991 -0.595579 0.738991
-0.609645 0.737656 -0.609645 0.737656
-0.623680 0.736259 -0.623680 0.736259
-0.637683 0.734801 -0.637683 0.734801
-0.651652 0.733281 -0.651652 0.733281
-0.665589 0.731701 -0.665589 0.731701
-0.679491 0.730061 -0.679491 0.730061
-0.693359 0.728360 -0.693359 0.728360
-0.707190 0.726598 -0.707190 0.726598
-0.720986 0.724777 -0.720986 0.724777
-0.734744 0.722897 -0.734744 0.722897
-0.748465 0.720957 -0.748465 0.720957
-0.762148 0.718958 -0.762148 0.718958
-0.775791 0.716900 -0.775791 0.716900
-0.789394 0.714784 -0.789394 0.714784
-0.802957 0.712609 -0.802957 0.712609
-0.816479 0.710377 -0.816479 0.710377
-0.829959 0.708087 -0.829959 0.708087
-0.843396 0.705740 -0.843396 0.705740
-0.856790 0.703336 -0.856790 0.703336
-0.870140 0.700875 -0.870140 0.700875
-0.883445 0.698359 -0.883445 0.698359
-0.896705 0.695786 -0.896705 0.695786
-0.909919 0.693158 -0.909919 0.693158
-0.923086 0.690475 -0.923086 0.690475
-0.936206 0.687737 -0.936206 0.687737
-0.949277 0.684945 -0.949277 0.684945
-0.962300 0.682099 -0.962300 0.682099
-0.975274 0.679199 -0.975274 0.679199
-0.988197 0.676246 -0.988197 0.676246
-1.001070 0.673241 -1.001070 0.673241
-1.013891 0.670183 -1.013891 0.670183
-1.026660 0.667073 -1.026660 0.667073
-1.039376 0.663912 -1.039376 0.663912
-1.052039 0.660700 -1.052039 0.660700
-1.064648 0.657437 -1.064648 0.657437
-1.077202 0.654125 -1.077202 0.654125
-1.089700 0.650763 -1.089700 0.650763
-1.102143 0.647351 -1.102143 0.647351
-1.114529 0.643891 -1.114529 0.643891
-1.126857 0.640383 -1.126857 0.640383
-1.139128 0.636827 -1.139128 0.636827
-1.151340 0.633224 -1.151340 0.633224
-1.163493 0.629574 -1.163493 0.629574
-1.175586 0.625879 -1.175586 0.625879
-1.187618 0.622137 -1.187618 0.622137
-1.199589 0.618351 -1.199589 0.618351
-1.211499 0.614520 -1.211499 0.614520
-1.223346 0.610645 -1.223346 0.610645
-1.235130 0.606726 -1.235130 0.606726
-1.246851 0.602765 -1.246851 0.602765
-1.258507 0.598761 -1.258507 0.598761
-1.270098 0.594716 -1.270098 0.594716
-1.281624 0.590630 -1.281624 0.590630
-1.293084 0.586502 -1.293084 0.586502
-1.304478 0.582335 -1.304478 0.582335
-1.315804 0.578129 -1.315804 0.578129
-1.327062 0.573884 -1.327062 0.573884
-1.338252 0.569600 -1.338252 0.569600
-1.349372 0.565279 -1.349372 0.565279
-1.360423 0.560921 -1.360423 0.560921
-1.371404 0.556527 -1.371404 0.556527
-1.382314 0.552097 -1.382314 0.552097
-1.393153 0.547632 -1.393153 0.547632
-1.403919 0.543132 -1.403919 0.543132
-1.414614 0.538599 -1.414614 0.538599
-1.425235 0.534033 -1.425235 0.534033
-1.435782 0.529434 -1.435782 0.529434
-1.446255 0.524804 -1.446255 0.524804
-1.456654 0.520142 -1.456654 0.520142
-1.466977 0.515450 -1.466977 0.515450
-1.477224 0.510729 -1.477224 0.510729
-1.487395 0.505978 -1.487395 0.505978
-1.497488 0.501199 -1.497488 0.501199
-1.507505 0.496393 -1.507505 0.496393
-1.517443 0.491559 -1.517443 0.491559
-1.527302 0.486700 -1.527302 0.486700
-1.537082 0.481815 -1.537082 0.481815
-1.546783 0.476905 -1.546783 0.476905
-1.556403 0.471972 -1.556403 0.471972
-1.565943 0.467015 -1.565943 0.467015
-1.575402 0.462035 -1.575402 0.462035
-1.584778 0.457034 -1.584778 0.457034
-1.594072 0.452012 -1.594072 0.452012
-1.603284 0.446970 -1.603284 0.446970
-1.612412 0.441908 -1.612412 0.441908
-1.621456 0.436828 -1.621456 0.436828
-1.630416 0.431729 -1.630416 0.431729
-1.639291 0.426614 -1.639291 0.426614
-1.648081 0.421482 -1.648081 0.421482
-1.656785 0.416334 -1.656785 0.416334
-1.665402 0.411172 -1.665402 0.411172
-1.673933 0.405996 -1.673933 0.405996
-1.682376 0.400807 -1.682376 0.400807
-1.690732 0.395605 -1.690732 0.395605
-1.698999 0.390392 -1.698999 0.390392
-1.707178 0.385168 -1.707178 0.385168
-1.715267 0.379934 -1.715267 0.379934
-1.723267 0.374691 -1.723267 0.374691
-1.731176 0.369439 -1.731176 0.369439
-1.738995 0.364181 -1.738995 0.364181
-1.746722 0.358916 -1.746722 0.358916
-1.754358 0.353645 -1.754358 0.353645
-1.761902 0.348369 -1.761902 0.348369
-1.769354 0.343089 -1.769354 0.343089
-1.776712 0.337806 -1.776712 0.337806
-1.783977 0.332520 -1.783977 0.332520
-1.791148 0.327234 -1.791148 0.327234
-1.798225 0.321946 -1.798225 0.321946
-1.805207 0.316659 -1.805207 0.316659
-1.812094 0.311373 -1.812094 0.311373
-1.818886 0.306089 -1.818886 0.306089
-1.825581 0.300808 -1.825581 0.300808
-1.832180 0.295531 -1.832180 0.295531
-1.838681 0.290258 -1.838681 0.290258
-1.845086 0.284991 -1.845086 0.284991
-1.851392 0.279730 -1.851392 0.279730
-1.857601 0.274477 -1.857601 0.274477
-1.863710 0.269232 -1.863710 0.269232
-1.869721 0.263996 -1.869721 0.263996
-1.875632 0.258771 -1.875632 0.258771
-1.881444 0.253556 -1.881444 0.253556
-1.887154 0.248353 -1.887154 0.248353
-1.892765 0.243163 -1.892765 0.243163
-1.898274 0.237986 -1.898274 0.237986
-1.903681 0.232824 -1.903681 0.232824
-1.908986 0.227678 -1.908986 0.227678
-1.914189 0.222548 -1.914189 0.222548
-1.919290 0.217435 -1.919290 0.217435
-1.924287 0.212341 -1.924287 0.212341
-1.929180 0.207266 -1.929180 0.207266
-1.933970 0.202211 -1.933970 0.202211
-1.938655 0.197177 -1.938655 0.197177
-1.943235 0.192165 -1.943235 0.192165
-1.947710 0.187176 -1.947710 0.187176
-1.952079 0.182211 -1.952079 0.182211
-1.956342 0.177271 -1.956342 0.177271
-1.960499 0.172356 -1.960499 0.172356
-1.964549 0.167468 -1.964549 0.167468
-1.968492 0.162608 -1.968492 0.162608
-1.972327 0.157776 -1.972327 0.157776
-1.976055 0.152974 -1.976055 0.152974
-1.979674 0.148202 -1.979674 0.148202
-1.983184 0.143461 -1.983184 0.143461
-1.986585 0.138753 -1.986585 0.138753
-1.989876 0.134078 -1.989876 0.134078
-1.993057 0.129437 -1.993057 0.129437
-1.996128 0.124831 -1.996128 0.124831
-1.999088 0.120262 -1.999088 0.120262
-2.001938 0.115729 -2.001938 0.115729
-2.004675 0.111234 -2.004675 0.111234
-2.007301 0.106778 -2.007301 0.106778
-2.009814 0.102361 -2.009814 0.102361
-2.012214 0.097986 -2.012214 0.097986
-2.014502 0.093652 -2.014502 0.093652
-2.016675 0.089360 -2.016675 0.089360
-2.018735 0.085113 -2.018735 0.085113
-2.020681 0.080909 -2.020681 0.080909
-2.022512 0.076751 -2.022512 0.076751
-2.024227 0.072639 -2.024227 0.072639
-2.025827 0.068574 -2.025827 0.068574
-2.027312 0.064558 -2.027312 0.064558
-2.028679 0.060590 -2.028679 0.060590
-2.029930 0.056672 -2.029930 0.056672
-2.031064 0.052805 -2.031064 0.052805
-2.032081 0.048990 -2.032081 0.048990
-2.032979 0.045227 -2.032979 0.045227
-2.033759 0.041518 -2.033759 0.041518
-2.034420 0.037864 -2.034420 0.037864
-2.034962 0.034264 -2.034962 0.034264
-2.035384 0.030721 -2.035384 0.030721
-2.035686 0.027235 -2.035686 0.027235
-2.035867 0.023807 -2.035867 0.023807
-2.035928 0.020438 -2.035928 0.020438
-2.035867 0.017128 -2.035867 0.017128
-2.035684 0.013879 -2.035684 0.013879
-2.035379 0.010691 -2.035379 0.010691
-2.034951 0.007566 -2.034951 0.007566
-2.034400 0.004504 -2.034400 0.004504
-2.033725 0.001505 -2.033725 0.001505
-2.032927 -0.001429 -2.032927 -0.001429
-2.032003 -0.004297 -2.032003 -0.004297
-2.030955 -0.007099 -2.030955 -0.007099
-2.029781 -0.009833 -2.029781 -0.009833
-2.028482 -0.012500 -2.028482 -0.012500
-2.027056 -0.015098 -2.027056 -0.015098
-2.025503 -0.017626 -2.025503 -0.017626
-2.023823 -0.020085 -2.023823 -0.020085
-2.022014 -0.022472 -2.022014 -0.022472
-2.020078 -0.024787 -2.020078 -0.024787
-2.018012 -0.027029 -2.018012 -0.027029
-2.015818 -0.029199 -2.015818 -0.029199
-2.013493 -0.031294 -2.013493 -0.031294
-2.011038 -0.033315 -2.011038 -0.033315
-2.008452 -0.035260 -2.008452 -0.035260
-2.005735 -0.037129 -2.005735 -0.037129
-2.002886 -0.038922 -2.002886 -0.038922
-1.999905 -0.040636 -1.999905 -0.040636
-1.996790 -0.042273 -1.996790 -0.042273
-1.993542 -0.043831 -1.993542 -0.043831
-1.990160 -0.045310 -1.990160 -0.045310
-1.986643 -0.046709 -1.986643 -0.046709
-1.982991 -0.048027 -1.982991 -0.048027
-1.979203 -0.049264 -1.979203 -0.049264
-1.975279 -0.050419 -1.975279 -0.050419
-1.971218 -0.051493 -1.971218 -0.051493
-1.967020 -0.052483 -1.967020 -0.052483
-1.962683 -0.053390 -1.962683 -0.053390
-1.958208 -0.054213 -1.958208 -0.054213
-1.953594 -0.054952 -1.953594 -0.054952
-1.948840 -0.055607 -1.948840 -0.055607
-1.943945 -0.056176 -1.943945 -0.056176
-1.938909 -0.056659 -1.938909 -0.056659
-1.933732 -0.057057 -1.933732 -0.057057
-1.928413 -0.057368 -1.928413 -0.057368
-1.922950 -0.057592 -1.922950 -0.057592
-1.917344 -0.057729 -1.917344 -0.057729
-1.911594 -0.057779 -1.911594 -0.057779
-1.905699 -0.057741 -1.905699 -0.057741
-1.899658 -0.057615 -1.899658 -0.057615
-1.893471 -0.057401 -1.893471 -0.057401
-1.887138 -0.057099 -1.887138 -0.057099
-1.880657 -0.056707 -1.880657 -0.056707
-1.874028 -0.056227 -1.874028 -0.056227
-1.867250 -0.055658 -1.867250 -0.055658
-1.860323 -0.054999 -1.860323 -0.054999
-1.853245 -0.054252 -1.853245 -0.054252
-1.846017 -0.053415 -1.846017 -0.053415
-1.838637 -0.052488 -1.838637 -0.052488
-1.831106 -0.051473 -1.831106 -0.051473
-1.823421 -0.050367 -1.823421 -0.050367
-1.815582 -0.049173 -1.815582 -0.049173
-1.807590 -0.047889 -1.807590 -0.047889
-1.799442 -0.046516 -1.799442 -0.046516
-1.791139 -0.045054 -1.791139 -0.045054
-1.782679 -0.043503 -1.782679 -0.043503
-1.774063 -0.041863 -1.774063 -0.041863
-1.765288 -0.040135 -1.765288 -0.040135
-1.756355 -0.038319 -1.756355 -0.038319
-1.747263 -0.036415 -1.747263 -0.036415
-1.738011 -0.034423 -1.738011 -0.034423
-1.728599 -0.032344 -1.728599 -0.032344
-1.719025 -0.030179 -1.719025 -0.030179
-1.709289 -0.027926 -1.709289 -0.027926
-1.699391 -0.025589 -1.699391 -0.025589
-1.689329 -0.023165 -1.689329 -0.023165
-1.679103 -0.020657 -1.679103 -0.020657
-1.668713 -0.018065 -1.668713 -0.018065
-1.658157 -0.015389 -1.658157 -0.015389
-1.647435 -0.012631 -1.647435 -0.012631
-1.636547 -0.009790 -1.636547 -0.009790
-1.625491 -0.006868 -1.625491 -0.006868
-1.614267 -0.003865 -1.614267 -0.003865
-1.602875 -0.000783 -1.602875 -0.000783
-1.591313 0.002378 -1.591313 0.002378
-1.579582 0.005617 -1.579582 0.005617
-1.567680 0.008933 -1.567680 0.008933
-1.555607 0.012325 -1.555607 0.012325
-1.543363 0.015792 -1.543363 0.015792
-1.530947 0.019332 -1.530947 0.019332
-1.518357 0.022945 -1.518357 0.022945
-1.505595 0.026629 -1.505595 0.026629
-1.492659 0.030383 -1.492659 0.030383
-1.479549 0.034206 -1.479549 0.034206
-1.466264 0.038096 -1.466264 0.038096
-1.452804 0.042052 -1.452804 0.042052
-1.439169 0.046073 -1.439169 0.046073
-1.425358 0.050157 -1.425358 0.050157
-1.411371 0.054302 -1.411371 0.054302
-1.397207 0.058507 -1.397207 0.058507
-1.382866 0.062770 -1.382866 0.062770
-1.368348 0.067090 -1.368348 0.067090
-1.353653 0.071464 -1.353653 0.071464
-1.338781 0.075892 -1.338781 0.075892
-1.323730 0.080370 -1.323730 0.080370
-1.308502 0.084898 -1.308502 0.084898
-1.293095 0.089473 -1.293095 0.089473
-1.277511 0.094094 -1.277511 0.094094
-1.261748 0.098757 -1.261748 0.098757
-1.245807 0.103462 -1.245807 0.103462
-1.229689 0.108205 -1.229689 0.108205
-1.213392 0.112986 -1.213392 0.112986
-1.196918 0.117801 -1.196918 0.117801
-1.180266 0.122648 -1.180266 0.122648
-1.163436 0.127525 -1.163436 0.127525
-1.146430 0.132430 -1.146430 0.132430
-1.129248 0.137360 -1.129248 0.137360
-1.111888 0.142313 -1.111888 0.142313
-1.094354 0.147286 -1.094354 0.147286
-1.076644 0.152276 -1.076644 0.152276
-1.058759 0.157281 -1.058759 0.157281
-1.040701 0.162299 -1.040701 0.162299
-1.022469 0.167327 -1.022469 0.167327
-1.004065 0.172361 -1.004065 0.172361
-0.985489 0.177400 -0.985489 0.177400
-0.966743 0.182440 -0.966743 0.182440
-0.947827 0.187479 -0.947827 0.187479
-0.928742 0.192514 -0.928742 0.192514
-0.909490 0.197541 -0.909490 0.197541
-0.890071 0.202559 -0.890071 0.202559
-0.870488 0.207563 -0.870488 0.207563
-0.850741 0.212552 -0.850741 0.212552
-0.830832 0.217522 -0.830832 0.217522
-0.810762 0.222470 -0.810762 0.222470
-0.790533 0.227393 -0.790533 0.227393
-0.770147 0.232288 -0.770147 0.232288
-0.749606 0.237152 -0.749606 0.237152
-0.728911 0.241983 -0.728911 0.241983
-0.708064 0.246775 -0.708064 0.246775
-0.687068 0.251528 -0.687068 0.251528
-0.665924 0.256237 -0.665924 0.256237
-0.644634 0.260900 -0.644634 0.260900
-0.623202 0.265514 -0.623202 0.265514
-0.601630 0.270074 -0.601630 0.270074
-0.579919 0.274579 -0.579919 0.274579
-0.558073 0.279026 -0.558073 0.279026
-0.536094 0.283410 -0.536094 0.283410
-0.513985 0.287730 -0.513985 0.287730
-0.491749 0.291981 -0.491749 0.291981
-0.469389 0.296162 -0.469389 0.296162
-0.446908 0.300269 -0.446908 0.300269
-0.424310 0.304299 -0.424310 0.304299
-0.401596 0.308249 -0.401596 0.308249
-0.378771 0.312116 -0.378771 0.312116
-0.355839 0.315898 -0.355839 0.315898
-0.332802 0.319591 -0.332802 0.319591
-0.309664 0.323193 -0.309664 0.323193
-0.286430 0.326702 -0.286430 0.326702
-0.263102 0.330114 -0.263102 0.330114
-0.239685 0.333426 -0.239685 0.333426
-0.216183 0.336637 -0.216183 0.336637
-0.192600 0.339744 -0.192600 0.339744
-0.168939 0.342744 -0.168939 0.342744
-0.145206 0.345635 -0.145206 0.345635
-0.121405 0.348415 -0.121405 0.348415
-0.097539 0.351081 -0.097539 0.351081
-0.073613 0.353632 -0.073613 0.353632
-0.049633 0.356064 -0.049633 0.356064
-0.025602 0.358377 -0.025602 0.358377
-0.001525 0.360569 -0.001525 0.360569
0.022593 0.362636 0.022593 0.362636
0.046747 0.364579 0.046747 0.364579
0.070932 0.366394 0.070932 0.366394
0.095144 0.368082 0.095144 0.368082
0.119378 0.369639 0.119378 0.369639
0.143627 0.371066 0.143627 0.371066
0.167888 0.372359 0.167888 0.372359
0.192155 0.373520 0.192155 0.373520
0.216424 0.374546 0.216424 0.374546
0.240688 0.375436 0.240688 0.375436
0.264942 0.376190 0.264942 0.376190
0.289182 0.376808 0.289182 0.376808
0.313402 0.377288 0.313402 0.377288
0.337596 0.377629 0.337596 0.377629
0.361760 0.377833 0.361760 0.377833
0.385888 0.377898 0.385888 0.377898
0.409974 0.377825 0.409974 0.377825
0.434014 0.377613 0.434014 0.377613
0.458001 0.377262 0.458001 0.377262
0.481931 0.376773 0.481931 0.376773
0.505799 0.376146 0.505799 0.376146
0.529598 0.375382 0.529598 0.375382
0.553324 0.374482 0.553324 0.374482
0.576971 0.373445 0.576971 0.373445
0.600534 0.372273 0.600534 0.372273
0.624008 0.370967 0.624008 0.370967
0.647387 0.369528 0.647387 0.369528
0.670667 0.367957 0.670667 0.367957
0.693842 0.366255 0.693842 0.366255
0.716907 0.364424 0.716907 0.364424
0.739858 0.362465 0.739858 0.362465
0.762688 0.360380 0.762688 0.360380
0.785394 0.358171 0.785394 0.358171
0.807970 0.355840 0.807970 0.355840
0.830412 0.353388 0.830412 0.353388
0.852715 0.350818 0.852715 0.350818
0.874874 0.348132 0.874874 0.348132
0.896885 0.345331 0.896885 0.345331
0.918743 0.342419 0.918743 0.342419
0.940444 0.339398 0.940444 0.339398
0.961983 0.336270 0.961983 0.336270
0.983357 0.333038 0.983357 0.333038
1.004561 0.329704 1.004561 0.329704
1.025591 0.326272 1.025591 0.326272
1.046443 0.322744 1.046443 0.322744
1.067114 0.319123 1.067114 0.319123
1.087599 0.315412 1.087599 0.315412
1.107895 0.311614 1.107895 0.311614
1.127999 0.307733 1.127999 0.307733
1.147907 0.303770 1.147907 0.303770
1.167615 0.299731 1.167615 0.299731
1.187121 0.295617 1.187121 0.295617
1.206421 0.291432 1.206421 0.291432
1.225513 0.287180 1.225513 0.287180
1.244393 0.282863 1.244393 0.282863
1.263059 0.278486 1.263059 0.278486
1.281508 0.274051 1.281508 0.274051
1.299737 0.269562 1.299737 0.269562
1.317745 0.265023 1.317745 0.265023
1.335529 0.260437 1.335529 0.260437
1.353086 0.255808 1.353086 0.255808
1.370416 0.251138 1.370416 0.251138
1.387514 0.246433 1.387514 0.246433
1.404381 0.241694 1.404381 0.241694
1.421014 0.236926 1.421014 0.236926
1.437411 0.232133 1.437411 0.232133
1.453571 0.227317 1.453571 0.227317
1.469493 0.222482 1.469493 0.222482
1.485175 0.217632 1.485175 0.217632
1.500617 0.212771 1.500617 0.212771
1.515816 0.207901 1.515816 0.207901
1.530773 0.203026 1.530773 0.203026
1.545486 0.198150 1.545486 0.198150
1.559954 0.193275 1.559954 0.193275
1.574177 0.188406 1.574177 0.188406
1.588155 0.183546 1.588155 0.183546
1.601886 0.178697 1.601886 0.178697
1.615371 0.173864 1.615371 0.173864
1.628609 0.169048 1.628609 0.169048
1.641600 0.164255 1.641600 0.164255
1.654344 0.159486 1.654344 0.159486
1.666841 0.154744 1.666841 0.154744
1.679091 0.150033 1.679091 0.150033
1.691095 0.145356 1.691095 0.145356
1.702852 0.140715 1.702852 0.140715
1.714362 0.136113 1.714362 0.136113
1.725627 0.131554 1.725627 0.131554
1.736646 0.127039 1.736646 0.127039
1.747421 0.122572 1.747421 0.122572
1.757952 0.118155 1.757952 0.118155
1.768239 0.113791 1.768239 0.113791
1.778283 0.109481 1.778283 0.109481
1.788086 0.105230 1.788086 0.105230
1.797647 0.101038 1.797647 0.101038
1.806968 0.096909 1.806968 0.096909
1.816050 0.092844 1.816050 0.092844
1.824894 0.088846 1.824894 0.088846
1.833501 0.084917 1.833501 0.084917
1.841872 0.081058 1.841872 0.081058
1.850009 0.077272 1.850009 0.077272
1.857912 0.073561 1.857912 0.073561
1.865582 0.069926 1.865582 0.069926
1.873022 0.066370 1.873022 0.066370
1.880232 0.062893 1.880232 0.062893
1.887214 0.059498 1.887214 0.059498
1.893969 0.056186 1.893969 0.056186
1.900499 0.052959 1.900499 0.052959
1.906804 0.049818 1.906804 0.049818
1.912888 0.046764 1.912888 0.046764
1.918750 0.043799 1.918750 0.043799
1.924393 0.040923 1.924393 0.040923
1.929818 0.038139 1.929818 0.038139
1.935027 0.035447 1.935027 0.035447
1.940022 0.032849 1.940022 0.032849
1.944803 0.030344 1.944803 0.030344
1.949373 0.027935 1.949373 0.027935
1.953733 0.025621 1.953733 0.025621
1.957885 0.023405 1.957885 0.023405
1.961831 0.021286 1.961831 0.021286
1.965571 0.019265 1.965571 0.019265
1.969109 0.017343 1.969109 0.017343
1.972445 0.015520 1.972445 0.015520
1.975582 0.013797 1.975582 0.013797
1.978520 0.012174 1.978520 0.012174
1.981263 0.010652 1.981263 0.010652
1.983810 0.009231 1.983810 0.009231
1.986165 0.007911 1.986165 0.007911
1.988328 0.006693 1.988328 0.006693
1.990301 0.005576 1.990301 0.005576
1.992087 0.004562 1.992087 0.004562
1.993687 0.003649 1.993687 0.003649
1.995102 0.002838 1.995102 0.002838
1.996334 0.002130 1.996334 0.002130
1.997385 0.001523 1.997385 0.001523
1.998256 0.001018 1.998256 0.001018
1.998950 0.000614 1.998950 0.000614
1.999467 0.000312 1.999467 0.000312
1.999810 0.000112 1.999810 0.000112
1.999980 0.000012 1.999980 0.000012
1.999978 0.000013 1.999978 0.000013
1.999806 0.000114 1.999806 0.000114
1.999467 0.000316 1.999467 0.000316
1.998961 0.000617 1.998961 0.000617
1.998289 0.001017 1.998289 0.001017
1.997455 0.001515 1.997455 0.001515
1.996458 0.002112 1.996458 0.002112
1.995301 0.002806 1.995301 0.002806
1.993985 0.003597 1.993985 0.003597
1.992512 0.004485 1.992512 0.004485
1.990882 0.005468 1.990882 0.005468
1.989099 0.006546 1.989099 0.006546
1.987162 0.007719 1.987162 0.007719
1.985074 0.008985 1.985074 0.008985
1.982836 0.010344 1.982836 0.010344
1.980449 0.011795 1.980449 0.011795
1.977915 0.013337 1.977915 0.013337
1.975235 0.014970 1.975235 0.014970
1.972410 0.016693 1.972410 0.016693
1.969442 0.018504 1.969442 0.018504
1.966333 0.020403 1.966333 0.020403
1.963083 0.022389 1.963083 0.022389
1.959694 0.024461 1.959694 0.024461
1.956167 0.026618 1.956167 0.026618
1.952503 0.028860 1.952503 0.028860
1.948704 0.031184 1.948704 0.031184
1.944771 0.033591 1.944771 0.033591
1.940706 0.036079 1.940706 0.036079
1.936508 0.038647 1.936508 0.038647
1.932181 0.041294 1.932181 0.041294
1.927724 0.044020 1.927724 0.044020
